-928.59458 -928.72818 0.00113 
-928.38750 -928.65515 0.00224 
-928.21271 -928.59365 0.00318 
-928.08362 -928.55148 0.00403 
-927.96833 -928.51263 0.00474 
-927.91324 -928.50020 0.00536 
-927.73796 -928.43855 0.00631 
-927.51709 -928.37501 0.00818 
-927.43142 -928.34977 0.00887 
-927.30643 -928.31111 0.00980 
-927.26212 -928.29383 0.00996 
-927.16041 -928.26942 0.01105 
-926.98767 -928.23402 0.01319 
-926.96418 -928.23074 0.01355 
-926.87146 -928.18897 0.01362 
-926.84548 -928.19061 0.01427 
-926.75209 -928.16201 0.01498 
-926.77112 -928.17111 0.01499 
-926.69813 -928.15605 0.01589 
-926.63790 -928.14163 0.01654 
-926.60775 -928.12811 0.01656 
-926.55025 -928.08886 0.01596 
-926.52000 -928.07335 0.01590 
-926.50078 -928.06924 0.01613 
-926.45032 -928.05864 0.01674 
-926.46773 -928.07984 0.01736 
-926.57126 -928.12970 0.01744 
-926.53884 -928.12914 0.01814 
-926.49395 -928.12358 0.01886 
-926.44587 -928.13180 0.02032 
-926.44218 -928.13887 0.02074 
-926.50022 -928.16178 0.02055 
-926.56211 -928.17678 0.01989 
-926.53440 -928.17609 0.02047 
-926.53906 -928.18938 0.02100 
-926.54044 -928.19507 0.02124 
-926.53712 -928.21008 0.02203 
-926.39717 -928.14076 0.02183 
-926.35519 -928.11089 0.02133 
-926.29216 -928.09765 0.02210 
-926.20035 -928.04488 0.02162 
-926.20163 -928.07674 0.02311 
-926.21897 -928.10100 0.02388 
-926.35507 -928.14423 0.02292 
-926.33040 -928.14080 0.02331 
-926.40543 -928.17395 0.02322 
-926.42336 -928.16374 0.02234 
-926.34776 -928.11755 0.02182 
-926.35862 -928.12660 0.02201 
-926.35927 -928.13429 0.02236 
-926.35379 -928.13504 0.02251 
-926.32318 -928.12105 0.02253 
-926.29213 -928.10248 0.02233 
-926.19758 -928.07628 0.02318 
-926.25958 -928.10472 0.02316 
-926.30795 -928.12068 0.02285 
-926.23719 -928.10040 0.02345 
-926.20981 -928.09064 0.02359 
-926.18756 -928.07456 0.02332 
-926.14880 -928.08003 0.02444 
-926.20831 -928.11282 0.02468 
-926.23502 -928.10922 0.02392 
-926.27818 -928.13538 0.02421 
-926.24434 -928.12605 0.02451 
-926.22296 -928.13361 0.02534 
-926.17083 -928.12483 0.02608 
-926.19797 -928.11852 0.02518 
-926.21959 -928.12054 0.02480 
-926.23633 -928.12230 0.02451 
-926.18651 -928.09767 0.02444 
-926.21648 -928.12599 0.02513 
-926.23367 -928.13417 0.02513 
-926.35401 -928.16451 0.02391 
-926.29839 -928.15110 0.02451 
-926.28161 -928.13811 0.02426 
-926.29132 -928.14548 0.02440 
-926.23750 -928.12535 0.02463 
-926.23964 -928.14064 0.02531 
-926.25939 -928.15140 0.02538 
-926.15539 -928.11493 0.02595 
-926.17106 -928.12914 0.02628 
-926.18145 -928.14148 0.02664 
-926.15679 -928.13785 0.02701 
-926.10690 -928.11624 0.02709 
-926.08106 -928.10039 0.02691 
-926.10756 -928.11300 0.02692 
-926.13136 -928.14569 0.02795 
-926.07253 -928.10832 0.02747 
-926.10814 -928.09809 0.02620 
-926.12439 -928.09710 0.02579 
-925.94955 -928.01413 0.02571 
-926.02049 -928.04307 0.02552 
-926.04656 -928.05404 0.02546 
-926.12118 -928.10281 0.02613 
-926.05041 -928.08366 0.02679 
-926.05838 -928.10967 0.02785 
-925.94335 -928.06328 0.02819 
-925.85599 -928.01593 0.02787 
-925.76294 -927.95627 0.02709 
-925.85589 -927.97644 0.02599 
-925.77322 -927.96668 0.02736 
-925.86677 -928.02399 0.02801 
-925.93432 -928.03966 0.02726 
-925.88836 -928.03790 0.02820 
-925.88084 -928.02707 0.02785 
-925.86966 -928.01014 0.02729 
-925.86603 -927.99186 0.02650 
-925.96906 -928.02532 0.02581 
-925.96985 -928.02193 0.02563 
-925.86964 -927.99312 0.02648 
-925.81920 -927.98440 0.02718 
-925.79944 -927.96651 0.02677 
-925.87478 -927.99373 0.02640 
-925.97056 -928.03610 0.02629 
-926.03902 -928.06655 0.02623 
-925.98245 -928.04964 0.02667 
-925.91761 -928.03366 0.02735 
-925.88383 -928.00679 0.02682 
-925.99786 -928.05689 0.02668 
-925.94628 -928.05324 0.02765 
-925.94274 -928.04392 0.02728 
-925.88600 -928.01182 0.02701 
-925.89188 -927.98419 0.02556 
-926.06426 -928.04659 0.02472 
-926.09108 -928.05968 0.02474 
-926.13820 -928.06942 0.02416 
-926.15434 -928.08269 0.02444 
-926.21652 -928.10823 0.02428 
-926.14670 -928.09750 0.02531 
-926.11701 -928.08245 0.02525 
-926.11884 -928.07988 0.02509 
-926.12545 -928.08440 0.02516 
-926.05144 -928.05218 0.02527 
-926.02587 -928.03723 0.02512 
-926.01101 -928.02804 0.02501 
-926.08896 -928.06355 0.02498 
-926.07963 -928.06890 0.02544 
-926.03162 -928.03056 0.02468 
-926.00567 -928.02585 0.02503 
-926.10885 -928.07007 0.02485 
-926.06171 -928.05025 0.02495 
-925.99611 -928.01569 0.02475 
-926.00416 -928.04384 0.02592 
-926.00900 -928.03890 0.02557 
-926.14944 -928.08753 0.02478 
-926.18118 -928.09769 0.02456 
-926.13302 -928.07949 0.02476 
-926.15721 -928.09065 0.02475 
-926.17592 -928.08518 0.02408 
-926.01844 -928.03794 0.02532 
-925.95751 -927.99375 0.02456 
-926.06165 -928.03831 0.02438 
-926.05488 -928.05287 0.02522 
-926.00701 -928.05600 0.02643 
-925.96071 -928.01346 0.02543 
-925.99214 -928.03168 0.02560 
-926.04412 -928.05722 0.02567 
-926.03610 -928.05271 0.02563 
-926.08632 -928.07108 0.02539 
-926.21661 -928.10170 0.02397 
-926.04855 -928.05491 0.02546 
-926.03189 -928.03066 0.02467 
-926.04308 -928.04632 0.02517 
-925.98764 -928.04436 0.02631 
-926.02628 -928.06828 0.02659 
-926.02297 -928.06854 0.02668 
-926.10563 -928.09887 0.02629 
-926.17118 -928.10992 0.02536 
-926.12304 -928.09417 0.02568 
-926.11073 -928.09339 0.02592 
-926.12044 -928.12328 0.02712 
-926.09781 -928.11937 0.02744 
-926.03668 -928.07747 0.02680 
-926.05394 -928.09073 0.02705 
-926.01193 -928.06513 0.02676 
-926.01592 -928.06871 0.02684 
-926.03218 -928.08458 0.02724 
-926.04802 -928.09963 0.02760 
-926.07808 -928.10978 0.02742 
-926.07163 -928.10737 0.02745 
-926.23997 -928.15896 0.02617 
-926.21059 -928.14190 0.02601 
-926.21256 -928.14747 0.02623 
-926.13714 -928.13837 0.02747 
-926.11817 -928.11346 0.02671 
-926.04226 -928.08295 0.02693 
-926.14754 -928.12493 0.02660 
-926.17217 -928.13172 0.02638 
-926.23056 -928.12831 0.02492 
-926.28076 -928.13158 0.02397 
-926.29961 -928.13413 0.02367 
-926.23547 -928.10480 0.02370 
-926.22887 -928.10647 0.02392 
-926.27270 -928.12217 0.02370 
-926.22810 -928.10338 0.02379 
-926.14043 -928.09395 0.02528 
-926.11752 -928.10127 0.02614 
-926.09808 -928.09126 0.02609 
-926.16291 -928.10164 0.02515 
-926.23787 -928.13341 0.02500 
-926.13115 -928.10163 0.02585 
-926.09900 -928.08833 0.02593 
-926.02914 -928.05966 0.02612 
-926.00965 -928.03354 0.02530 
-926.05459 -928.06256 0.02569 
-926.00415 -928.07429 0.02737 
-925.96609 -928.06033 0.02754 
-926.03611 -928.09868 0.02782 
-926.05467 -928.11842 0.02835 
-926.09941 -928.14593 0.02867 
-926.04526 -928.12032 0.02865 
-926.05867 -928.12427 0.02854 
-925.99083 -928.10487 0.02912 
-925.94310 -928.10167 0.03002 
-925.87799 -928.06912 0.02991 
-925.92464 -928.06832 0.02884 
-925.99704 -928.08620 0.02809 
-926.02504 -928.09677 0.02797 
-925.98728 -928.06644 0.02737 
-925.90904 -928.01471 0.02664 
-925.87651 -928.01744 0.02749 
-925.93216 -928.03490 0.02708 
-925.92095 -928.06215 0.02863 
-925.91567 -928.05919 0.02861 
-925.93170 -928.05409 0.02801 
-925.89954 -928.04905 0.02848 
-925.90262 -928.05723 0.02880 
-925.91657 -928.03988 0.02767 
-925.84897 -927.99201 0.02689 
-925.91999 -928.02624 0.02694 
-925.94982 -928.02591 0.02627 
-925.90468 -928.02540 0.02724 
-926.00256 -928.06722 0.02706 
-925.94034 -928.05430 0.02783 
-925.96902 -928.05708 0.02732 
-925.95055 -928.03518 0.02669 
-925.93974 -928.03153 0.02676 
-925.94411 -928.04339 0.02722 
-925.97222 -928.04028 0.02645 
-926.01931 -928.07263 0.02695 
-926.06486 -928.09837 0.02717 
-926.02742 -928.06719 0.02651 
-926.08242 -928.08268 0.02603 
-926.06557 -928.07251 0.02592 
-926.13076 -928.09307 0.02546 
-926.11907 -928.08726 0.02544 
-926.18742 -928.11520 0.02526 
-926.16184 -928.09235 0.02473 
-926.11290 -928.07276 0.02488 
-926.09859 -928.06681 0.02492 
-926.16103 -928.10050 0.02514 
-926.15059 -928.08381 0.02458 
-926.19443 -928.09871 0.02431 
-926.03845 -928.05609 0.02574 
-926.02404 -928.06525 0.02650 
-926.01564 -928.05899 0.02638 
-925.92129 -928.03115 0.02715 
-925.96862 -928.06852 0.02788 
-925.95471 -928.05269 0.02743 
-925.93249 -928.06016 0.02828 
-925.94906 -928.05331 0.02759 
-925.92571 -928.02196 0.02661 
-925.93032 -928.02493 0.02665 
-925.96426 -928.05976 0.02756 
-925.97868 -928.05292 0.02691 
-925.98554 -928.06349 0.02726 
-926.11810 -928.09984 0.02606 
-926.14068 -928.10551 0.02583 
-926.09787 -928.08103 0.02561 
-926.06320 -928.06890 0.02580 
-926.04016 -928.07424 0.02657 
-925.99025 -928.05265 0.02664 
-926.02741 -928.07998 0.02712 
-926.08174 -928.09761 0.02676 
-926.06702 -928.12552 0.02841 
-926.10498 -928.13272 0.02792 
-926.09738 -928.11958 0.02746 
-925.96951 -928.06667 0.02777 
-925.96366 -928.06454 0.02780 
-926.02838 -928.09861 0.02799 
-926.14172 -928.12498 0.02673 
-926.18361 -928.14626 0.02682 
-926.19776 -928.13068 0.02576 
-926.23899 -928.12644 0.02465 
-926.20729 -928.11541 0.02482 
-926.19202 -928.12431 0.02559 
-926.22321 -928.12541 0.02495 
-926.20069 -928.12453 0.02541 
-926.11373 -928.11031 0.02665 
-926.18124 -928.12168 0.02570 
-926.09430 -928.08692 0.02597 
-926.15182 -928.11397 0.02598 
-926.05849 -928.07587 0.02624 
-926.10160 -928.09472 0.02618 
-926.08243 -928.09082 0.02642 
-926.17467 -928.10739 0.02517 
-926.18059 -928.10468 0.02491 
-926.20061 -928.12930 0.02563 
-926.12759 -928.09479 0.02561 
-926.11990 -928.09977 0.02602 
-926.13339 -928.11031 0.02622 
-926.15053 -928.10924 0.02579 
-926.13656 -928.12357 0.02678 
-926.03692 -928.09741 0.02774 
-926.00775 -928.08784 0.02793 
-926.05226 -928.11510 0.02824 
-926.01063 -928.09382 0.02815 
-925.99312 -928.07833 0.02780 
-925.96233 -928.04780 0.02703 
-925.91644 -928.03365 0.02737 
-925.91747 -928.02440 0.02691 
-925.84201 -927.99974 0.02741 
-925.80190 -927.95633 0.02623 
-925.85762 -927.96927 0.02561 
-925.86995 -927.97939 0.02582 
-925.79331 -927.94934 0.02609 
-925.69241 -927.93244 0.02752 
-925.82546 -928.00614 0.02808 
-925.78579 -927.99289 0.02833 
-925.76286 -927.98680 0.02854 
-925.86736 -928.04116 0.02882 
-925.90735 -928.04981 0.02834 
-925.85849 -928.02848 0.02841 
-925.90621 -928.03121 0.02748 
-925.85192 -928.00111 0.02725 
-925.81687 -928.00600 0.02826 
-925.87009 -928.02703 0.02808 
-925.92851 -928.04164 0.02749 
-925.91103 -928.01791 0.02674 
-925.86903 -927.96931 0.02536 
-925.98135 -928.02357 0.02546 
-926.06639 -928.05611 0.02512 
-925.95529 -928.02888 0.02629 
-925.98378 -928.04192 0.02628 
-926.13243 -928.10456 0.02597 
-926.23826 -928.14301 0.02545 
-926.20083 -928.13038 0.02568 
-926.07421 -928.05841 0.02506 
-926.05558 -928.06499 0.02578 
-926.11404 -928.08242 0.02532 
-926.05837 -928.08092 0.02648 
-926.09301 -928.08774 0.02604 
-926.06038 -928.08118 0.02645 
-926.08454 -928.08194 0.02595 
-926.15167 -928.12018 0.02628 
-926.26450 -928.17205 0.02625 
-926.31659 -928.18616 0.02577 
-926.27394 -928.16547 0.02573 
-926.06604 -928.10424 0.02742 
-926.13051 -928.08712 0.02518 
-926.10622 -928.07907 0.02533 
-925.99775 -928.05288 0.02649 
-925.94287 -928.04412 0.02729 
-925.96348 -928.04071 0.02667 
-925.99611 -928.06282 0.02700 
-926.00818 -928.07060 0.02710 
-925.98175 -928.05242 0.02682 
-926.03829 -928.09608 0.02765 
-925.99420 -928.07245 0.02750 
-925.91354 -928.03785 0.02764 
-926.04512 -928.08819 0.02712 
-926.05255 -928.08771 0.02693 
-926.01695 -928.06809 0.02679 
-925.93166 -928.05320 0.02797 
-926.07091 -928.10767 0.02748 
-926.06193 -928.12057 0.02829 
-926.07214 -928.12503 0.02828 
-926.03592 -928.09545 0.02767 
-926.04331 -928.10220 0.02783 
-926.05560 -928.10740 0.02780 
-926.08314 -928.11905 0.02775 
-926.06875 -928.10293 0.02730 
-926.06200 -928.10019 0.02732 
-926.03474 -928.07706 0.02682 
-926.01867 -928.10302 0.02841 
-925.99904 -928.08069 0.02778 
-925.92305 -928.03785 0.02743 
-925.91174 -928.02271 0.02696 
-925.92487 -928.04911 0.02792 
-925.97511 -928.07789 0.02818 
-925.94852 -928.06777 0.02829 
-925.94949 -928.07743 0.02873 
-925.93046 -928.06683 0.02864 
-925.97736 -928.07706 0.02809 
-925.93138 -928.03703 0.02720 
-926.04536 -928.08446 0.02694 
-925.96752 -928.04460 0.02676 
-926.06980 -928.07789 0.02608 
-926.07345 -928.06378 0.02533 
-925.94494 -928.00439 0.02535 
-925.91532 -927.99190 0.02541 
-925.86054 -927.99494 0.02677 
-925.73792 -927.91772 0.02581 
-925.83735 -927.97885 0.02652 
-925.82428 -927.99869 0.02775 
-925.81769 -928.01867 0.02885 
-925.74846 -928.00539 0.02975 
-925.73283 -927.97900 0.02884 
-925.76350 -927.99141 0.02875 
-925.78757 -928.00427 0.02883 
-925.90801 -928.03003 0.02739 
-925.94462 -928.05613 0.02782 
-925.88030 -928.04136 0.02854 
-925.82409 -928.02026 0.02878 
-925.78292 -927.99260 0.02838 
-925.89635 -928.00779 0.02659 
-925.89465 -928.01173 0.02681 
-926.01386 -928.06168 0.02655 
-926.07291 -928.08080 0.02615 
-926.05367 -928.05002 0.02511 
-926.03297 -928.06902 0.02648 
-926.02716 -928.08517 0.02737 
-925.93254 -928.05967 0.02826 
-925.86061 -928.03646 0.02874 
-925.81007 -928.03266 0.02968 
-925.75707 -928.00062 0.02933 
-925.76314 -928.02117 0.03017 
-925.73305 -927.98199 0.02898 
-925.72546 -927.97880 0.02899 
-925.71415 -928.00032 0.03027 
-925.70360 -927.98229 0.02964 
-925.79209 -928.03190 0.03004 
-925.77105 -928.03318 0.03057 
-925.71975 -927.99090 0.02969 
-925.73683 -927.98754 0.02916 
-925.75771 -927.99485 0.02904 
-925.67801 -927.97037 0.02964 
-925.77925 -927.99534 0.02859 
-925.86772 -928.01197 0.02742 
-926.00657 -928.06368 0.02681 
-926.00363 -928.08068 0.02768 
-926.06334 -928.12863 0.02864 
-926.00322 -928.09287 0.02827 
-925.92480 -928.06471 0.02867 
-925.98249 -928.10136 0.02913 
-925.99600 -928.09288 0.02843 
-926.01952 -928.09563 0.02804 
-926.16004 -928.13955 0.02702 
-926.09477 -928.07932 0.02560 
-926.23455 -928.13582 0.02519 
-926.27999 -928.15556 0.02513 
-926.20685 -928.15677 0.02680 
-926.09778 -928.13959 0.02840 
-925.97036 -928.10521 0.02959 
-925.96176 -928.08990 0.02905 
-925.98688 -928.06798 0.02745 
-925.89717 -928.03983 0.02809 
-925.86477 -928.03771 0.02871 
-925.88689 -928.03570 0.02813 
-925.82965 -928.01257 0.02829 
-925.86647 -928.03220 0.02841 
-925.85475 -928.02990 0.02856 
-925.83840 -928.03497 0.02916 
-925.79815 -928.03134 0.02988 
-925.76652 -928.01136 0.02963 
-925.80109 -928.03833 0.03015 
-925.81877 -928.04788 0.03021 
-925.88929 -928.07511 0.02995 
-925.89164 -928.08631 0.03043 
-925.98854 -928.12449 0.03010 
-926.04898 -928.13357 0.02920 
-926.07773 -928.14534 0.02912 
-926.10722 -928.15616 0.02898 
-926.04581 -928.13981 0.02956 
-926.00132 -928.12320 0.02976 
-926.06626 -928.14350 0.02929 
-926.02355 -928.13526 0.02984 
-925.95617 -928.10675 0.02997 
-925.88524 -928.07539 0.03005 
-925.98961 -928.10183 0.02900 
-925.94454 -928.07091 0.02853 
-926.08863 -928.12872 0.02809 
-926.00263 -928.08878 0.02809 
-925.92658 -928.05820 0.02832 
-925.99342 -928.11138 0.02937 
-925.99732 -928.12433 0.02990 
-925.99172 -928.10683 0.02919 
-926.07124 -928.14306 0.02915 
-926.01045 -928.11879 0.02935 
-926.05837 -928.12314 0.02849 
-925.97942 -928.10319 0.02929 
-925.92065 -928.06776 0.02890 
-926.04599 -928.11471 0.02836 
-925.96094 -928.07232 0.02823 
-925.95028 -928.08398 0.02902 
-925.88345 -928.04402 0.02860 
-925.83803 -928.04946 0.02986 
-925.88203 -928.06460 0.02961 
-925.93106 -928.11192 0.03078 
-925.91149 -928.06495 0.02897 
-925.94888 -928.08903 0.02929 
-925.93101 -928.08157 0.02933 
-925.95990 -928.09653 0.02941 
-925.89623 -928.07579 0.02983 
-925.86951 -928.05718 0.02953 
-925.98360 -928.08778 0.02846 
-925.88835 -928.05913 0.02921 
-925.88030 -928.05895 0.02938 
-925.87676 -928.05416 0.02923 
-925.88011 -928.06744 0.02979 
-925.72955 -927.98430 0.02916 
-925.85857 -928.03361 0.02865 
-925.85118 -928.05379 0.02978 
-925.91358 -928.09844 0.03052 
-926.04497 -928.15413 0.03026 
-925.97084 -928.12619 0.03058 
-925.91024 -928.09133 0.03026 
-925.87158 -928.08202 0.03067 
-925.80021 -928.05088 0.03077 
-925.91288 -928.07681 0.02951 
-925.91719 -928.09813 0.03043 
-925.82454 -928.06746 0.03102 
-925.92717 -928.11726 0.03112 
-925.88367 -928.11789 0.03211 
-925.92522 -928.12246 0.03141 
-925.89975 -928.10096 0.03095 
-925.91284 -928.10268 0.03074 
-925.89139 -928.10929 0.03153 
-925.92299 -928.10536 0.03064 
-925.93168 -928.11137 0.03074 
-925.81520 -928.08432 0.03203 
-925.76323 -928.05355 0.03171 
-925.77254 -928.03747 0.03074 
-925.80422 -928.06313 0.03126 
-925.80406 -928.03913 0.03012 
-925.82482 -928.02580 0.02903 
-925.84034 -928.03013 0.02889 
-925.87362 -928.03776 0.02852 
-925.93523 -928.07549 0.02895 
-925.91015 -928.05892 0.02872 
-925.97771 -928.08360 0.02839 
-925.91582 -928.05962 0.02862 
-925.91959 -928.06408 0.02875 
-926.02606 -928.10650 0.02841 
-925.90423 -928.05545 0.02868 
-925.94014 -928.07511 0.02882 
-925.94871 -928.08807 0.02925 
-926.11565 -928.15175 0.02858 
-926.04959 -928.12520 0.02878 
-925.97356 -928.10913 0.02970 
-925.96030 -928.12056 0.03054 
-925.95519 -928.11547 0.03041 
-926.03453 -928.12328 0.02903 
-925.98543 -928.12506 0.03020 
-925.96311 -928.10813 0.02989 
-925.91680 -928.09528 0.03030 
-925.89984 -928.07589 0.02975 
-925.94617 -928.08440 0.02913 
-925.90147 -928.05634 0.02879 
-925.92477 -928.06687 0.02877 
-925.86558 -928.03661 0.02864 
-925.84379 -928.02674 0.02865 
-925.81535 -928.00393 0.02820 
-925.77633 -927.98808 0.02831 
-925.76173 -927.96736 0.02764 
-925.67684 -927.95825 0.02909 
-925.79742 -927.99761 0.02829 
-925.76654 -927.97361 0.02783 
-925.75078 -927.99539 0.02922 
-925.66191 -927.98783 0.03083 
-925.63888 -927.98559 0.03123 
-925.76052 -928.04585 0.03141 
-925.80548 -928.05078 0.03065 
-925.81650 -928.05139 0.03043 
-925.78613 -928.02456 0.02983 
-925.81742 -928.02414 0.02911 
-925.90452 -928.07270 0.02950 
-926.01376 -928.10987 0.02885 
-926.01442 -928.10772 0.02873 
-926.03560 -928.11117 0.02843 
-926.05893 -928.11337 0.02801 
-925.99423 -928.09638 0.02864 
-925.99981 -928.09538 0.02847 
-926.14509 -928.15062 0.02788 
-926.08585 -928.12043 0.02775 
-925.98723 -928.05041 0.02660 
-926.05292 -928.06690 0.02593 
-926.13553 -928.10354 0.02585 
-926.13113 -928.10758 0.02614 
-926.11511 -928.10401 0.02632 
-926.15907 -928.10606 0.02545 
-926.17006 -928.10172 0.02500 
-926.16860 -928.11476 0.02565 
-926.10066 -928.10722 0.02680 
-926.12794 -928.11883 0.02675 
-926.07236 -928.12229 0.02814 
-926.13967 -928.14006 0.02750 
-926.12603 -928.12445 0.02706 
-926.04214 -928.10465 0.02797 
-925.92591 -928.09065 0.02988 
-925.92611 -928.09066 0.02987 
-925.98426 -928.10321 0.02918 
-926.00390 -928.08342 0.02781 
-926.02330 -928.09734 0.02804 
-926.11050 -928.13096 0.02771 
-926.12591 -928.12853 0.02725 
-926.10636 -928.13068 0.02779 
-926.05003 -928.13460 0.02922 
-926.06974 -928.14042 0.02906 
-926.03242 -928.12364 0.02909 
-926.02051 -928.11223 0.02881 
-925.91523 -928.07116 0.02919 
-925.93476 -928.05838 0.02815 
-925.93526 -928.07005 0.02869 
-925.96001 -928.08274 0.02875 
-925.91926 -928.06550 0.02883 
-925.95839 -928.08187 0.02874 
-925.93342 -928.07000 0.02873 
-925.94547 -928.05403 0.02770 
-925.94673 -928.06404 0.02815 
-925.98862 -928.07083 0.02755 
-925.94577 -928.05803 0.02788 
-925.98707 -928.05761 0.02695 
-926.00191 -928.06615 0.02703 
-926.03746 -928.06883 0.02637 
-925.95969 -928.04873 0.02713 
-926.04551 -928.08708 0.02706 
-926.01971 -928.07427 0.02702 
-926.14325 -928.10692 0.02584 
-926.22286 -928.14524 0.02590 
-926.17785 -928.14818 0.02704 
-926.13126 -928.12839 0.02713 
-926.09461 -928.10046 0.02661 
-925.99285 -928.06865 0.02735 
-925.95500 -928.06284 0.02791 
-925.87475 -928.03631 0.02842 
-925.86460 -928.04594 0.02911 
-925.74665 -928.00015 0.02954 
-925.74544 -928.01105 0.03008 
-925.78732 -928.02273 0.02971 
-925.88241 -928.01729 0.02735 
-925.81480 -927.99725 0.02789 
-925.80980 -927.99799 0.02804 
-925.80888 -928.00002 0.02815 
-925.87933 -928.01299 0.02721 
-925.84957 -928.01778 0.02810 
-925.77458 -927.99785 0.02881 
-925.73880 -928.01218 0.03029 
-925.66592 -927.98951 0.03082 
-925.82575 -928.05136 0.03023 
-925.79830 -928.05445 0.03098 
-925.72092 -928.01667 0.03090 
-925.67988 -928.00486 0.03124 
-925.63554 -927.99397 0.03171 
-925.53427 -927.96987 0.03280 
-925.67288 -928.03639 0.03290 
-925.65886 -928.04135 0.03344 
-925.62886 -928.05380 0.03470 
-925.65217 -928.04872 0.03394 
-925.68168 -928.03574 0.03267 
-925.67316 -928.05190 0.03363 
-925.74263 -928.06631 0.03278 
-925.76504 -928.05513 0.03175 
-925.76268 -928.05379 0.03174 
-925.67475 -928.02627 0.03237 
-925.69472 -928.01668 0.03148 
-925.73736 -928.05217 0.03222 
-925.57796 -927.99319 0.03294 
-925.55293 -927.98553 0.03313 
-925.65268 -928.00684 0.03194 
-925.59844 -927.98313 0.03201 
-925.66325 -927.99598 0.03119 
-925.62481 -927.98152 0.03135 
-925.67342 -928.00829 0.03155 
-925.75874 -928.02781 0.03059 
-925.79075 -928.02175 0.02959 
-925.87988 -928.04696 0.02882 
-925.80541 -928.01695 0.02904 
-925.79715 -928.01228 0.02900 
-925.81584 -928.01789 0.02885 
-925.89188 -928.04324 0.02837 
-925.85875 -928.04970 0.02942 
-925.89824 -928.05592 0.02884 
-925.83027 -928.02472 0.02886 
-925.80389 -927.99908 0.02822 
-925.71093 -927.97696 0.02923 
-925.67764 -927.96949 0.02961 
-925.68678 -927.98961 0.03036 
-925.79251 -928.00740 0.02887 
-925.75407 -927.99595 0.02917 
-925.81947 -928.02425 0.02907 
-925.88043 -928.02488 0.02775 
-925.83034 -928.01484 0.02838 
-925.83752 -928.02523 0.02872 
-925.77773 -927.99842 0.02877 
-925.82567 -928.02033 0.02875 
-925.80133 -928.01619 0.02909 
-925.76814 -927.97252 0.02775 
-925.71659 -927.95268 0.02794 
-925.88961 -928.00793 0.02674 
-925.82706 -927.99170 0.02736 
-925.79236 -927.99595 0.02833 
-925.80948 -928.00808 0.02852 
-925.81084 -928.00965 0.02857 
-925.79934 -927.98977 0.02788 
-925.76443 -927.95715 0.02710 
-925.80139 -927.96713 0.02675 
-925.78829 -927.96249 0.02682 
-925.82128 -927.98583 0.02720 
-925.89535 -928.02457 0.02741 
-925.87759 -928.03027 0.02807 
-925.89172 -928.02151 0.02734 
-925.97323 -928.03749 0.02630 
-925.81882 -927.98520 0.02723 
-925.89746 -928.01749 0.02702 
-925.91659 -928.03313 0.02735 
-925.87292 -928.01223 0.02732 
-925.92882 -928.07334 0.02899 
-925.89239 -928.04873 0.02862 
-925.85258 -928.01403 0.02785 
-925.83732 -928.01219 0.02810 
-925.88399 -928.01352 0.02713 
-925.82241 -928.00170 0.02793 
-925.87566 -928.02488 0.02786 
-925.82298 -928.01096 0.02836 
-925.71777 -927.96098 0.02831 
-925.73881 -927.96566 0.02807 
-925.69304 -927.94912 0.02830 
-925.60493 -927.92375 0.02904 
-925.68132 -927.95858 0.02901 
-925.59773 -927.90120 0.02813 
-925.64871 -927.93717 0.02871 
-925.66417 -927.94337 0.02866 
-925.61606 -927.94047 0.02959 
-925.53835 -927.91743 0.03021 
-925.57352 -927.94113 0.03056 
-925.49053 -927.91891 0.03134 
-925.50215 -927.93679 0.03194 
-925.50257 -927.94173 0.03216 
-925.53480 -927.92320 0.03057 
-925.55777 -927.94037 0.03088 
-925.73980 -928.03647 0.03142 
-925.72802 -928.01860 0.03083 
-925.73403 -928.02234 0.03087 
-925.67832 -928.00728 0.03139 
-925.57437 -927.97596 0.03220 
-925.66901 -927.99563 0.03104 
-925.60634 -927.97809 0.03160 
-925.60993 -927.99304 0.03223 
-925.75821 -928.01714 0.03009 
-925.75280 -928.01827 0.03027 
-925.84908 -928.04635 0.02947 
-925.86016 -928.07316 0.03050 
-925.85942 -928.07682 0.03069 
-925.79744 -928.04842 0.03071 
-925.89117 -928.07055 0.02969 
-925.84354 -928.02423 0.02854 
-925.86397 -928.02983 0.02835 
-925.91851 -928.04357 0.02780 
-925.88096 -928.02096 0.02756 
-925.96121 -928.04368 0.02686 
-926.02456 -928.06766 0.02660 
-926.10624 -928.09062 0.02588 
-926.14507 -928.08114 0.02457 
-926.11225 -928.08568 0.02551 
-926.17402 -928.10366 0.02500 
-926.29546 -928.12423 0.02329 
-926.22347 -928.10919 0.02417 
-926.13618 -928.07256 0.02436 
-926.14442 -928.09350 0.02517 
-926.14807 -928.11710 0.02622 
-926.17529 -928.09334 0.02448 
-926.14300 -928.06788 0.02399 
-926.05539 -928.04310 0.02475 
-926.07581 -928.06166 0.02518 
-926.09751 -928.06741 0.02497 
-926.05333 -928.05656 0.02543 
-926.02125 -928.04437 0.02556 
-925.92389 -928.03982 0.02750 
-925.86427 -928.02534 0.02813 
-925.90614 -928.01832 0.02687 
-925.92868 -928.03796 0.02731 
-926.00012 -928.07813 0.02764 
-926.04586 -928.10243 0.02778 
-926.06872 -928.10517 0.02741 
-926.06621 -928.09861 0.02715 
-926.00985 -928.07673 0.02736 
-926.08980 -928.08765 0.02611 
-926.06866 -928.08514 0.02645 
-926.07651 -928.07747 0.02591 
-926.14188 -928.08979 0.02505 
-926.18358 -928.10481 0.02485 
-926.21341 -928.10711 0.02429 
-926.13885 -928.09325 0.02529 
-926.17556 -928.09502 0.02456 
-926.04230 -928.03402 0.02460 
-926.13896 -928.07604 0.02446 
-926.25649 -928.11500 0.02372 
-926.25498 -928.12033 0.02400 
-926.23474 -928.10416 0.02368 
-926.13365 -928.05571 0.02361 
-926.11754 -928.03746 0.02310 
-926.13758 -928.05788 0.02363 
-926.17640 -928.07467 0.02357 
-926.19097 -928.08585 0.02378 
-926.18886 -928.09280 0.02416 
-926.17634 -928.09396 0.02449 
-926.12485 -928.05091 0.02358 
-926.17096 -928.07890 0.02389 
-926.10807 -928.05232 0.02402 
-926.05658 -928.03632 0.02440 
-926.17927 -928.11164 0.02527 
-926.23478 -928.14786 0.02576 
-926.27024 -928.16038 0.02557 
-926.28633 -928.15438 0.02493 
-926.27449 -928.14091 0.02455 
-926.24988 -928.13886 0.02500 
-926.29775 -928.14822 0.02438 
-926.30592 -928.15768 0.02465 
-926.20951 -928.12507 0.02524 
-926.31942 -928.16564 0.02473 
-926.34401 -928.18239 0.02499 
-926.27400 -928.16457 0.02569 
-926.29487 -928.16069 0.02504 
-926.24052 -928.13715 0.02512 
-926.22758 -928.12161 0.02467 
-926.31525 -928.16226 0.02466 
-926.39442 -928.18661 0.02407 
-926.33863 -928.15400 0.02375 
-926.28101 -928.12411 0.02361 
-926.23607 -928.10613 0.02375 
-926.26578 -928.12570 0.02402 
-926.36449 -928.18785 0.02479 
-926.40455 -928.20593 0.02477 
-926.46277 -928.22318 0.02430 
-926.43348 -928.20836 0.02424 
-926.37913 -928.17713 0.02396 
-926.29613 -928.15389 0.02469 
-926.28989 -928.15885 0.02506 
-926.25989 -928.15191 0.02540 
-926.26336 -928.16806 0.02609 
-926.21562 -928.15693 0.02662 
-926.21946 -928.17334 0.02731 
-926.25369 -928.17354 0.02657 
-926.18398 -928.16368 0.02764 
-926.15299 -928.12249 0.02636 
-926.08624 -928.09712 0.02664 
-926.04991 -928.05590 0.02548 
-925.97661 -928.02967 0.02585 
-925.95384 -928.01792 0.02580 
-925.97737 -928.05709 0.02714 
-925.95061 -928.08390 0.02901 
-926.02673 -928.11743 0.02892 
-926.00113 -928.07831 0.02762 
-925.96916 -928.07999 0.02841 
-925.94339 -928.03759 0.02696 
-925.93819 -928.05930 0.02811 
-925.93559 -928.03296 0.02692 
-925.81196 -927.99502 0.02785 
-925.82421 -928.00041 0.02783 
-925.79738 -927.99672 0.02825 
-925.73646 -927.95831 0.02777 
-925.69572 -927.95672 0.02860 
-925.82764 -928.00165 0.02782 
-925.81817 -928.00744 0.02830 
-925.82632 -928.02401 0.02891 
-925.83837 -928.01583 0.02825 
-925.70724 -927.97715 0.02932 
-925.74099 -927.98380 0.02889 
-925.84214 -928.02028 0.02838 
-925.80973 -927.98253 0.02730 
-925.80404 -927.98855 0.02772 
-925.84780 -928.02121 0.02830 
-925.79300 -928.00631 0.02881 
-925.80338 -928.01055 0.02878 
-925.87191 -928.00441 0.02697 
-925.86043 -928.00706 0.02735 
-925.86173 -928.03022 0.02842 
-925.97255 -928.08538 0.02859 
-926.16313 -928.16130 0.02799 
-926.22449 -928.18012 0.02753 
-926.26996 -928.20223 0.02757 
-926.23053 -928.16893 0.02686 
-926.25578 -928.16676 0.02620 
-926.16026 -928.12335 0.02624 
-926.19762 -928.13115 0.02579 
-926.23052 -928.15350 0.02612 
-926.24656 -928.15536 0.02586 
-926.25927 -928.14505 0.02509 
-926.27722 -928.13654 0.02428 
-926.23325 -928.10852 0.02392 
-926.17668 -928.10781 0.02514 
-926.15712 -928.09452 0.02494 
-926.11360 -928.07882 0.02516 
-926.09368 -928.04569 0.02402 
-926.07953 -928.05199 0.02463 
-926.09108 -928.06914 0.02520 
-926.07440 -928.06985 0.02560 
-926.08537 -928.08790 0.02622 
-926.07267 -928.08500 0.02636 
-926.09106 -928.06159 0.02484 
-926.08390 -928.07223 0.02550 
-925.95775 -928.01613 0.02562 
-925.94477 -928.02336 0.02626 
-926.04137 -928.04055 0.02493 
-926.02220 -928.03701 0.02519 
-926.00653 -928.03477 0.02543 
-925.94821 -928.02289 0.02616 
-925.96636 -928.01213 0.02524 
-925.96916 -928.02550 0.02582 
-926.14091 -928.08599 0.02489 
-926.28456 -928.14206 0.02438 
-926.28645 -928.15710 0.02506 
-926.28214 -928.15172 0.02490 
-926.33974 -928.16279 0.02415 
-926.36654 -928.18588 0.02465 
-926.30312 -928.16856 0.02523 
-926.31879 -928.18065 0.02546 
-926.26108 -928.16910 0.02619 
-926.27438 -928.14131 0.02457 
-926.06889 -928.05862 0.02519 
-926.12535 -928.07073 0.02451 
-926.09726 -928.06971 0.02509 
-926.23184 -928.11967 0.02448 
-926.32157 -928.14610 0.02376 
-926.33571 -928.15297 0.02377 
-926.33130 -928.13505 0.02301 
-926.46299 -928.20459 0.02341 
-926.43711 -928.18518 0.02306 
-926.37762 -928.16333 0.02333 
-926.35709 -928.16186 0.02372 
-926.33816 -928.15921 0.02401 
-926.25665 -928.14774 0.02527 
-926.27493 -928.16301 0.02559 
-926.24476 -928.15292 0.02578 
-926.23093 -928.14476 0.02570 
-926.30123 -928.15529 0.02464 
-926.25880 -928.14366 0.02503 
-926.18473 -928.09686 0.02444 
-926.30338 -928.14871 0.02428 
-926.34286 -928.15319 0.02362 
-926.35984 -928.15534 0.02335 
-926.30794 -928.12663 0.02313 
-926.23832 -928.09235 0.02304 
-926.17906 -928.08654 0.02408 
-926.26695 -928.11531 0.02350 
-926.20859 -928.09059 0.02361 
-926.24487 -928.09500 0.02302 
-926.29260 -928.11723 0.02302 
-926.32485 -928.13677 0.02324 
-926.32254 -928.12865 0.02290 
-926.14522 -928.06862 0.02397 
-926.04881 -928.03892 0.02469 
-926.08013 -928.04881 0.02447 
-926.03798 -928.03010 0.02451 
-926.11708 -928.05885 0.02413 
-926.23758 -928.07903 0.02242 
-926.18786 -928.05716 0.02248 
-926.21970 -928.08500 0.02310 
-926.26753 -928.10209 0.02286 
-926.16652 -928.07315 0.02372 
-926.19070 -928.08512 0.02375 
-926.07682 -928.05517 0.02485 
-925.93367 -927.99970 0.02537 
-925.90283 -927.98690 0.02545 
-926.03139 -928.03574 0.02493 
-926.04380 -928.03311 0.02453 
-926.08611 -928.05727 0.02474 
-926.09200 -928.05871 0.02468 
-926.13280 -928.07264 0.02444 
-926.11373 -928.07701 0.02507 
-926.07860 -928.05627 0.02486 
-926.04277 -928.04052 0.02490 
-926.09255 -928.06671 0.02505 
-926.06143 -928.08507 0.02661 
-926.06235 -928.09470 0.02705 
-926.15135 -928.10398 0.02552 
-926.08072 -928.10619 0.02719 
-926.04185 -928.08808 0.02719 
-925.98732 -928.08324 0.02816 
-926.03218 -928.11031 0.02846 
-925.91900 -928.07714 0.02939 
-925.95544 -928.07481 0.02847 
-925.96677 -928.07607 0.02828 
-926.03467 -928.07997 0.02696 
-926.15450 -928.12923 0.02665 
-926.14975 -928.11319 0.02599 
-926.15041 -928.09711 0.02521 
-926.07509 -928.07743 0.02594 
-926.05993 -928.03186 0.02411 
-926.07530 -928.04934 0.02460 
-926.04459 -928.05117 0.02537 
-926.08536 -928.07104 0.02541 
-925.92502 -928.03369 0.02719 
-925.92015 -928.03664 0.02743 
-925.99103 -928.06040 0.02700 
-925.93680 -928.02817 0.02666 
-925.81797 -927.98231 0.02711 
-925.86925 -927.99085 0.02638 
-925.81281 -927.97518 0.02688 
-925.93286 -928.01091 0.02593 
-925.93093 -928.01273 0.02606 
-925.88323 -927.97651 0.02539 
-925.89491 -928.00147 0.02632 
-925.84352 -927.96896 0.02591 
-925.88501 -927.99617 0.02628 
-926.07951 -928.06188 0.02511 
-925.99717 -928.06231 0.02695 
-926.04084 -928.08649 0.02713 
-926.00017 -928.06583 0.02705 
