-790.66089 1.00017 
-790.77734 1.74467 
-791.40605 2.35602 
-790.31311 2.95298 
-789.16090 3.41918 
-789.87434 3.96063 
-791.40603 4.56439 
-792.07693 4.86289 
-793.66119 5.13563 
-793.03766 5.73757 
-793.48056 6.23372 
-794.50285 6.48308 
-793.16306 7.10492 
-793.47165 7.55657 
-792.64888 7.91438 
-791.84565 8.11417 
-792.56146 8.37773 
-792.13870 8.98691 
-794.24981 9.22098 
-794.17645 9.34881 
-795.04247 9.55878 
-795.59835 9.89825 
-793.47838 10.36019 
-794.04755 10.26378 
-794.78458 10.25136 
-794.07540 10.78967 
-795.15525 10.84097 
-794.13369 11.47422 
-793.81268 11.70704 
-793.09312 11.68597 
-792.48798 11.41721 
-794.88676 11.36088 
-794.05319 11.58527 
-795.07654 11.41603 
-794.44720 11.60469 
-794.16327 11.55252 
-795.25552 11.80838 
-795.90030 11.33091 
-795.46300 11.88292 
-796.27546 11.89208 
-797.09842 11.87351 
-798.76565 11.89385 
-799.18231 11.90025 
-799.55188 11.77260 
-800.60377 11.91403 
-799.44478 11.90790 
-798.97462 12.46481 
-798.84888 12.55617 
-799.20688 13.02617 
-797.91453 12.76580 
-798.86324 13.25802 
-796.23460 13.44217 
-796.67526 13.71750 
-796.37794 13.47401 
-796.30684 13.60148 
-794.38594 14.07127 
-795.51562 14.25038 
-795.85582 14.12549 
-795.59829 14.23558 
-798.24524 14.67305 
-798.91935 14.40393 
-799.57887 14.56272 
-800.79205 14.88141 
-800.04323 14.92726 
-800.74727 14.98580 
-800.01545 14.93640 
-800.67790 15.18150 
-799.37557 15.56767 
-798.58887 15.60649 
-799.89990 15.34121 
-799.99708 15.50312 
-799.87537 15.46489 
-798.47700 15.88485 
-799.99676 16.18682 
-798.96300 16.22807 
-796.61683 16.57672 
-799.06919 17.37434 
-798.43436 17.70886 
-798.08309 17.85244 
-799.80449 17.78921 
-800.74219 17.71262 
-799.56595 17.26337 
-798.92274 17.30778 
-798.20021 17.10443 
-798.26422 16.80637 
-798.27340 16.94265 
-798.94428 17.12691 
-798.21668 17.11059 
-798.47570 17.21044 
-799.06048 16.93926 
-798.23892 16.94882 
-798.44280 16.52865 
-798.16698 16.18764 
-799.89350 16.20779 
-799.49219 16.05290 
-800.72063 16.23183 
-801.99989 16.11423 
-801.74499 16.25059 
-801.35158 16.39898 
-802.13667 16.25973 
-803.39702 16.50515 
-803.11557 16.25652 
-802.92650 15.90506 
-803.61676 15.43179 
-800.87469 15.25958 
-802.52880 15.44491 
-800.31272 15.71100 
-798.96954 15.69891 
-799.36562 15.44645 
-800.35802 15.91025 
-800.57149 15.73633 
-799.56649 15.55374 
-797.66160 15.44989 
-797.43256 15.57845 
-798.06843 16.04576 
-798.37377 16.20991 
-797.91699 16.28002 
-798.61712 16.55076 
-798.20402 16.64758 
-797.33908 16.79534 
-797.47997 16.48500 
-797.77911 16.27205 
-798.96205 16.80687 
-799.91292 16.98276 
-798.90648 16.93850 
-799.85709 16.50134 
-799.74410 16.55131 
-798.55441 16.46713 
-798.48533 16.82404 
-798.00045 16.74039 
-797.77850 16.93658 
-798.01096 17.04290 
-799.13342 17.13514 
-800.62695 17.12631 
-799.68286 17.28546 
-800.02635 17.31539 
-801.73626 17.47301 
-801.65180 17.42032 
-801.03484 17.73997 
-803.80584 18.23294 
-803.27731 17.91448 
-801.95130 17.68718 
-801.85640 17.61996 
-800.62123 17.65843 
-800.59636 17.40193 
-799.95090 17.64747 
-800.27754 17.34465 
-800.26399 17.40058 
-799.76688 17.42378 
-799.61695 17.06238 
-799.44149 17.63883 
-800.14461 18.29984 
-799.82746 18.37231 
-800.55043 18.52313 
-799.74568 18.67192 
-799.79717 19.05207 
-801.21664 19.55774 
-800.90401 20.27506 
-800.08993 20.26173 
-801.75298 20.05008 
-800.77815 19.92008 
-800.56804 20.20052 
-801.37913 20.20868 
-802.11110 20.53424 
-800.07936 20.22356 
-800.17498 20.67733 
-798.26775 20.85584 
-798.43709 21.08857 
-798.95882 20.98627 
-798.67470 21.14105 
-800.19296 20.75900 
-800.10160 20.73604 
-802.28399 20.54609 
-804.04653 20.14845 
-804.88890 19.87431 
-802.90115 20.11297 
-802.34659 20.70327 
-801.93924 20.70784 
-799.70674 21.28233 
-801.29816 20.70497 
-799.79240 20.88120 
-799.82214 20.57549 
-801.19417 20.76453 
-801.36738 20.60074 
-802.54682 19.86378 
-802.33072 19.49695 
-801.09133 19.04783 
-800.48324 19.19187 
-800.70249 19.32776 
-801.08229 20.00510 
-802.54389 20.05879 
-801.40591 20.19610 
-802.30494 19.78924 
-800.88238 19.62886 
-800.27743 19.81951 
-800.39992 20.56907 
-801.88870 20.66415 
-800.76255 20.87027 
-801.00838 20.39875 
-800.50839 20.56234 
-800.00112 20.46198 
-799.60600 20.34018 
-800.45232 20.54234 
-799.28888 20.56217 
-800.16041 20.42021 
-801.11043 20.63707 
-802.29275 20.74315 
-802.15341 20.85735 
-802.26311 20.66463 
-802.08033 20.63853 
-802.59392 20.11191 
-801.69098 20.48239 
-799.79881 20.86881 
-798.08088 21.37271 
-799.12459 21.23567 
-799.86646 21.16935 
-800.38040 20.78401 
-800.53207 20.61880 
-799.98661 20.28088 
-799.28668 20.55255 
-800.42948 20.38937 
-799.51951 20.19447 
-800.13481 19.96609 
-800.85790 19.88139 
-802.20206 19.45075 
-799.40159 19.20236 
-799.42846 19.15131 
-800.20560 19.51055 
-801.83425 19.43535 
-803.64841 19.41162 
-805.17801 19.05831 
-805.02439 19.03918 
-804.35435 19.74380 
-803.78459 19.53571 
-803.10247 19.59345 
-801.52794 19.13349 
-801.87841 18.74614 
-802.29449 18.83191 
-801.91011 18.17542 
-804.75459 18.11455 
-806.19863 18.69730 
-804.70825 18.61236 
-805.88661 18.46518 
-804.67581 18.40337 
-804.18517 18.40949 
-806.71933 18.41597 
-806.45357 19.09628 
-807.24507 19.44144 
-805.92784 19.64936 
-804.74408 19.52290 
-803.36902 19.27613 
-805.00516 18.98028 
-804.40553 18.87697 
-804.41019 19.01935 
-803.43213 18.86343 
-803.54207 18.91069 
-804.98216 18.82445 
-806.48123 19.09407 
-805.65440 19.87579 
-805.43610 20.41800 
-806.14744 20.03954 
-805.42440 20.20518 
-807.24931 19.88930 
-805.84223 19.75781 
-805.38111 19.58748 
-804.72255 19.35986 
-805.77991 19.18172 
-806.59226 19.02508 
-806.17082 19.12891 
-805.87026 19.23569 
-804.39586 18.72561 
-802.73826 18.39558 
-802.30493 18.36362 
-803.73762 18.60922 
-801.83486 18.67181 
-802.94555 18.66046 
-802.00600 18.51335 
-800.55980 18.93883 
-799.47807 19.14270 
-800.11253 19.21947 
-799.68970 19.89331 
-799.82143 20.00308 
-801.43247 20.20275 
-801.75165 19.89963 
-801.92038 19.80445 
-803.21477 19.88706 
-802.71833 20.21392 
-803.86203 20.23843 
-803.55997 20.10962 
-802.51144 20.37209 
-802.81728 20.06988 
-802.37357 20.52076 
-801.94223 20.87276 
-801.15041 20.48252 
-801.88646 20.57074 
-801.17823 20.77209 
-802.82532 20.28096 
-805.52641 20.32030 
-804.01584 20.01313 
-805.44329 19.98627 
-804.19810 19.46025 
-803.68672 20.11329 
-802.87449 20.28393 
-803.90205 20.22401 
-805.31510 19.81905 
-806.59960 19.88496 
-806.29907 20.08631 
-806.90019 20.09645 
-804.53872 19.80886 
-805.03748 19.50635 
-805.06517 19.70629 
-804.08117 19.97545 
-802.96710 20.36903 
-799.56105 19.90386 
-798.76053 19.62960 
-799.37529 19.94928 
-800.59530 20.50228 
-801.65114 20.56273 
-801.29402 19.99772 
-802.04808 19.58266 
-803.40816 19.59357 
-803.62228 19.50043 
-802.68846 19.83979 
-802.46900 20.32319 
-803.44811 20.40300 
-805.08678 21.30116 
-803.28693 20.69635 
-802.80628 21.20917 
-802.36772 20.87783 
-801.77103 21.12377 
-801.73569 21.18370 
-800.60686 21.47183 
-800.08709 21.22116 
-800.75088 21.14167 
-801.64813 21.31508 
-802.63833 21.13463 
-801.93267 21.39416 
-802.01209 21.05843 
-802.45641 20.77080 
-801.48111 21.06165 
-800.50770 21.20236 
-800.96988 21.13010 
-801.38667 20.63408 
-801.35168 20.38027 
-802.39318 20.26267 
-804.30119 20.48104 
-805.58780 20.52057 
-805.28837 20.29562 
-806.02519 20.30202 
-806.80440 20.54922 
-804.92952 20.29930 
-805.34082 19.86477 
-806.20228 19.53644 
-807.55860 19.56823 
-807.33322 19.54970 
-807.14925 19.51120 
-805.29422 19.65770 
-806.72296 19.42240 
-805.06695 19.32670 
-805.34097 18.79239 
-806.01275 18.91960 
-805.74408 19.04090 
-804.99733 19.61598 
-804.77066 19.77651 
-804.20786 19.64298 
-802.98600 19.97983 
-801.39482 20.04138 
-802.72610 20.18757 
-800.68298 20.56889 
-801.83205 20.57681 
-801.99455 20.51308 
-802.45631 20.00598 
-802.61068 20.34271 
-802.69962 20.22724 
-803.15231 19.93531 
-802.69455 20.03156 
-803.01598 20.27322 
-802.33593 21.01842 
-802.37308 21.54107 
-804.16259 21.33138 
-802.61332 20.77916 
-800.45592 21.13411 
-800.92465 21.24663 
-802.16810 21.17158 
-802.19322 21.31178 
-803.36682 21.66324 
-803.02431 21.53911 
-803.68561 21.34647 
-803.19903 21.62212 
-802.32915 21.45705 
-800.43705 21.91019 
-801.24568 22.25669 
-802.25608 22.33771 
-803.02870 22.45168 
-803.50207 22.52736 
-804.32283 21.65238 
-804.67296 21.72729 
-802.68372 21.66457 
-803.13990 22.28310 
-802.88425 21.89405 
-803.97844 21.52287 
-803.60104 21.76395 
-804.02522 22.04946 
-805.65364 22.14888 
-805.38805 22.70006 
-804.77361 22.48568 
-802.85983 22.61481 
-803.23175 22.60337 
-802.56203 21.81801 
-800.79456 21.54381 
-801.33929 21.35749 
-800.87334 21.59539 
-800.12711 21.60797 
-800.46731 21.74107 
-800.67228 21.87492 
-801.12040 21.94321 
-802.79165 22.06499 
-802.52309 21.45632 
-801.96496 21.48594 
-801.02367 21.90416 
-800.84546 21.85845 
-801.37551 22.14771 
-803.29574 22.45511 
-803.41468 22.44810 
-801.72607 22.19668 
-803.32509 21.95554 
-802.32750 21.75437 
-801.15049 21.11064 
-800.93390 21.37102 
-800.29328 21.58848 
-801.01140 21.70049 
-802.00512 21.42734 
-802.02427 21.41938 
-801.57696 21.55151 
-799.86392 21.76622 
-800.02451 21.86534 
-798.18271 21.72049 
-798.84066 21.72287 
-799.20690 22.13148 
-800.37545 22.22792 
-798.93444 22.29571 
-798.00822 22.43216 
-797.72814 21.76789 
-798.89751 21.24132 
-797.30557 21.32989 
-797.91465 21.12091 
-799.61646 21.07988 
-799.74555 20.99394 
-799.55659 20.64238 
-797.63446 21.21207 
-799.21219 21.42040 
-801.44200 21.60168 
-801.03891 21.93057 
-802.26675 21.56948 
-803.60668 21.43444 
-805.42455 21.53456 
-805.64512 21.52540 
-804.76846 21.73951 
-803.17281 21.62344 
-804.82457 22.00727 
-804.08091 21.78708 
-801.28176 22.15661 
-799.02086 21.84940 
-800.80560 22.28551 
-800.40389 22.93384 
-800.23262 22.89592 
-800.74989 22.39213 
-800.27878 22.34821 
-800.84492 21.84625 
-802.00056 21.80560 
-802.65879 21.52580 
-802.70453 21.42480 
-801.58538 21.66577 
-800.70782 21.57456 
-799.43378 21.68907 
-800.46103 21.64474 
-800.58283 21.69627 
-800.86086 21.96483 
-800.32445 21.86785 
-802.37099 21.21305 
-801.15449 21.01280 
-800.77800 21.04997 
-801.25843 20.85158 
-803.11799 21.03578 
-800.81999 20.90638 
-800.27264 21.24276 
-800.13933 21.06802 
-800.37909 21.08679 
-799.80998 21.81212 
-800.19744 22.17033 
-801.39989 21.73901 
-801.43643 22.32664 
-804.10086 22.37714 
-803.99614 22.45837 
-803.16653 22.74811 
-802.05860 22.43730 
-801.91864 23.24614 
-800.36971 23.08525 
-801.93256 22.73611 
-801.89656 22.95732 
-801.48171 23.25757 
-799.34373 23.81102 
-801.99225 23.57396 
-802.36321 23.00365 
-803.00532 22.67902 
-803.20731 22.36839 
-804.47631 22.52152 
-805.46191 22.57581 
-805.46613 22.55282 
-804.36756 22.25051 
-804.41399 22.32846 
-804.48389 22.70944 
-802.89052 22.67068 
-803.29689 23.11845 
-803.62676 23.70767 
-804.47280 23.30451 
-804.31880 23.23593 
-805.45473 23.32515 
-804.43370 23.23933 
-804.74403 23.48948 
-805.48797 23.40768 
-804.75753 23.57631 
-804.85768 23.17903 
-805.42110 23.51325 
-804.97116 23.16829 
-805.07539 22.97474 
-803.50907 23.03607 
-803.02549 23.14723 
-802.12439 22.94270 
-802.07342 23.02851 
-801.66651 22.97652 
-801.11865 23.09799 
-801.11768 23.05077 
-799.44103 23.03929 
-798.18238 23.16554 
-799.06525 22.67054 
-798.93722 23.08638 
-797.99269 22.87270 
-798.22865 22.89078 
-799.62049 22.62406 
-798.23000 22.68596 
-798.15419 22.30311 
-799.51864 21.75337 
-799.78909 21.92774 
-801.54201 21.47678 
-801.17503 21.34400 
-803.44570 21.30602 
-804.65599 20.97155 
-804.32904 21.41004 
-803.55154 21.70572 
-802.05764 21.61050 
-802.71802 21.74425 
-801.82219 21.82847 
-800.84384 21.84956 
-798.96730 22.62658 
-800.06512 22.58526 
-800.67153 22.24333 
-799.52185 22.83035 
-799.23282 23.08899 
-798.90574 22.75668 
-799.65678 23.28860 
-799.94398 22.67953 
-801.69111 22.11947 
-801.25829 21.46323 
-802.28363 21.78873 
-801.57477 21.87018 
-800.02804 21.94855 
-798.60317 21.86759 
-800.96616 21.69452 
-802.45940 21.41771 
-804.62819 21.45609 
-804.55526 21.37232 
-804.22918 20.66537 
-803.85050 20.00205 
-804.69092 19.73857 
-804.49679 19.61571 
-803.23335 19.70541 
-801.93229 19.78181 
-799.68577 20.11467 
-800.26393 20.39705 
-800.42597 20.12838 
-801.80595 20.19669 
-799.92424 20.64504 
-800.14438 20.51577 
-799.49529 20.91854 
-800.87030 21.36502 
-802.05954 21.04902 
-801.51587 20.79904 
-798.89591 21.06132 
-799.97159 20.75167 
-799.19641 20.65274 
-800.34091 20.83008 
-800.53628 21.21702 
-800.18163 21.27424 
-801.41274 20.94475 
-799.49560 20.79707 
-799.37072 20.56629 
-801.36869 20.66459 
-801.83777 20.57454 
-801.77554 20.75592 
-800.97427 21.10011 
-799.81013 21.08588 
-799.56959 21.20167 
-800.51218 21.08905 
-801.49057 21.10005 
-802.32891 21.14367 
-802.67604 21.15797 
-802.89999 20.83512 
-802.41183 20.89809 
-802.90522 20.13838 
-802.37567 20.23432 
-802.88222 20.42804 
-802.95866 20.34516 
-803.97260 19.71958 
-804.03821 19.49692 
-802.97460 20.20447 
-803.62078 20.00811 
-805.63815 20.39661 
-805.34367 20.30842 
-804.37540 20.90270 
-804.11403 21.35881 
-804.29577 22.07917 
-804.71549 22.32621 
-803.62295 22.03261 
-803.79578 22.51009 
-803.37804 22.51665 
-804.33536 22.44900 
-803.47110 22.23600 
-804.60693 22.41200 
-805.06175 22.53030 
-805.21468 22.19012 
-804.07687 22.09293 
-803.39744 21.98684 
-803.53380 21.75005 
-803.77034 21.47394 
-804.95897 21.33993 
-804.08371 21.57579 
-804.86403 22.02337 
-804.24179 22.79920 
-805.08427 22.47650 
-804.24189 22.12533 
-804.19741 22.00570 
-806.09324 21.81256 
-805.58074 21.97751 
-806.60299 21.74058 
-806.39740 21.43941 
-805.71608 20.91654 
-805.83396 20.86541 
-805.56374 20.47892 
-805.59557 20.48234 
-805.19835 20.76193 
-803.41499 20.77566 
-803.39006 21.05248 
-803.56575 21.58228 
-801.28476 21.29236 
-800.85493 21.40410 
-801.54182 21.50635 
-802.89533 21.57793 
-802.03735 20.87945 
-801.59199 20.80896 
-801.80839 20.51561 
-802.40559 20.62177 
-801.87460 20.89586 
-803.48081 20.22656 
-805.43269 20.21022 
-805.34428 19.97037 
-802.76507 20.03713 
-801.35193 19.90237 
-799.54693 19.88879 
-798.50091 20.13566 
-799.13131 20.20639 
-799.13899 20.16450 
-799.82208 20.09560 
-799.19780 20.30770 
-798.80294 20.21829 
-798.33857 20.26551 
-799.30591 20.13706 
-800.09074 20.22735 
-801.65986 20.24527 
-800.77940 20.17943 
-800.28685 20.92642 
-799.76559 20.64238 
-802.10861 20.89078 
-801.60322 20.96485 
-802.64834 20.69798 
-803.42342 20.72139 
-803.70312 20.30035 
-804.57906 20.15684 
-804.62562 20.07498 
-803.62153 20.11688 
-802.78625 19.91907 
-802.69539 19.83594 
-802.96565 19.51301 
-801.35514 19.92322 
-803.10225 19.79048 
-803.24701 20.72236 
-804.81684 19.62547 
-804.97528 19.37421 
-804.96918 19.31701 
-805.27565 19.38738 
-803.96149 20.05201 
-804.08442 20.02599 
-801.80136 20.23985 
-802.94729 20.48418 
-804.19727 20.75285 
-803.27005 21.00242 
-802.36812 21.02641 
-801.46731 21.40030 
-801.51783 21.52905 
-802.17353 21.04123 
-801.90042 20.77519 
-801.99736 21.01799 
-802.22633 20.92754 
-801.13737 20.93876 
-801.56342 21.42711 
-801.17625 21.54030 
-799.90994 21.37122 
-799.72150 21.04526 
-800.22758 21.28440 
-801.15985 20.88424 
-800.88288 20.68501 
-799.51757 20.60537 
-799.55357 20.49321 
-799.58428 20.01961 
-800.59326 19.81197 
-800.44206 20.24893 
-798.21246 19.92587 
-800.81642 19.89259 
-800.72076 19.56990 
-800.66959 19.52913 
-802.50508 19.92050 
-802.74675 20.11346 
-801.46611 19.85003 
-801.55987 19.75994 
-801.43653 19.44110 
-802.50301 19.72503 
-802.37985 19.66111 
-802.10770 19.63686 
-802.28278 19.96434 
-802.44458 20.19576 
-801.77073 20.32934 
-801.75438 20.37549 
-801.79899 20.80479 
-799.96638 21.05948 
-798.76198 20.56040 
-799.64308 20.87635 
-799.90705 21.23611 
-799.24485 21.37685 
-801.12128 21.16478 
-800.37814 21.81298 
-800.91158 21.87963 
-801.64492 21.52794 
-800.21270 21.62517 
-803.57221 21.36992 
-802.72035 21.47087 
-801.50169 21.67104 
-801.57639 21.72317 
-801.32010 21.82229 
-801.76454 22.23830 
-802.01441 21.98505 
-802.00470 21.81305 
-805.43806 21.30622 
-804.54731 21.53438 
-804.37906 21.85785 
-802.81566 21.69053 
-801.38355 20.73744 
-802.67708 21.08102 
-803.88681 20.60052 
-804.22459 20.64170 
-805.06546 20.53622 
-805.77080 20.76213 
-804.31560 20.92056 
-804.61766 20.61872 
-803.48230 20.80445 
-805.45341 21.01234 
-803.34229 21.13089 
-804.77497 21.28113 
-803.87988 21.69831 
-804.07779 21.75341 
-803.73300 21.96320 
-804.69145 21.84848 
-801.88168 21.66278 
-801.22716 22.06489 
-801.53966 21.97309 
-800.51561 21.77139 
-800.20023 22.08654 
-799.08890 22.49114 
-799.28088 22.92063 
-798.59431 23.35210 
-798.71542 22.80824 
-798.31670 22.76173 
-798.13301 23.00885 
-798.69327 22.80138 
-798.49080 22.82180 
-797.73056 22.40555 
-799.19626 21.94379 
-798.46776 22.12396 
-800.14613 21.83183 
-801.24633 21.91513 
-801.26798 21.26073 
-801.32590 20.98297 
-802.06410 20.98035 
-801.88217 20.30529 
-802.49537 20.48245 
-801.81656 20.67856 
-802.38345 20.82299 
-800.66060 20.58598 
-800.42093 20.58615 
-800.15197 20.74239 
-801.37276 20.72367 
-802.63277 20.51850 
-803.57233 21.22496 
-802.69570 21.18366 
-802.46950 21.32192 
-801.67214 21.68728 
-803.37526 21.53424 
-804.52088 21.97151 
-804.64579 21.95437 
-803.47070 21.79103 
-803.11956 22.03293 
-802.92818 22.30238 
-803.03100 21.96205 
-803.76549 21.62758 
-803.29793 21.58997 
-802.71025 21.66582 
-802.33202 21.22553 
-803.58381 21.68751 
-804.19226 21.37241 
-803.78508 21.47318 
-804.41593 21.55112 
-804.62408 22.10094 
-804.58199 22.47219 
-802.52416 22.00488 
-801.56431 22.11200 
-799.75748 22.13069 
-800.17171 21.78942 
-800.03294 21.86505 
-800.62139 22.03889 
-800.68487 22.40186 
-801.37179 22.25414 
-799.45840 22.81221 
-799.77470 22.99723 
-800.95809 22.59378 
-799.79491 23.02677 
-800.36418 22.96344 
-802.31137 22.38976 
-802.26141 22.29336 
-802.52669 22.25796 
-800.20849 22.53970 
-799.96760 22.36191 
-800.09552 22.25908 
-799.88135 22.24974 
-800.43291 22.42665 
-801.45877 22.46026 
-798.79582 23.14370 
-799.23933 22.80165 
-799.54497 23.37882 
-799.28549 23.62416 
-800.12466 23.94687 
-802.78202 23.62599 
-802.02520 23.42664 
-801.35917 23.29555 
-801.47429 23.32535 
-803.51028 23.59951 
-801.91980 23.95188 
-801.27839 24.11597 
-802.71944 24.02371 
-803.50846 23.54822 
-804.64132 23.14161 
-805.45800 22.85068 
-805.81791 22.62189 
-804.24631 22.74024 
-804.17896 23.23321 
-803.08098 23.21266 
-801.74969 23.50421 
-802.20411 23.04214 
-800.21542 22.69767 
-798.98306 22.64146 
-800.69145 22.77706 
-800.46176 22.66159 
-800.61577 22.63289 
-799.75119 22.47356 
-800.22993 22.40455 
-801.52174 22.45110 
-803.49034 22.23999 
-803.28123 22.41978 
-803.57923 22.57270 
-804.40571 22.80746 
-803.47508 23.08988 
-804.33506 22.70262 
-803.26158 22.86344 
-803.29125 23.27434 
-804.77287 23.27347 
-806.86206 22.91473 
-806.78653 22.80256 
-807.55429 23.27072 
-808.89299 23.11229 
-807.68002 22.94250 
-807.97961 22.85326 
-810.30980 22.09113 
-809.09926 21.80335 
-809.64053 21.54333 
-808.30428 21.70799 
-806.52176 21.94341 
-807.54783 22.02619 
-807.65903 21.69895 
-806.20985 21.40848 
-805.59329 21.21330 
-804.11145 21.02460 
-805.56622 20.74670 
-804.71582 20.73117 
-805.37496 21.37740 
-807.40824 21.04021 
-807.51694 21.50291 
-806.64280 21.42906 
-807.25671 21.08400 
-807.83714 21.16482 
-807.17119 21.43275 
-808.16692 21.29242 
-808.75661 21.20433 
-806.14150 21.77311 
-806.09382 21.57301 
-803.58860 21.71851 
-804.35564 21.96789 
-802.93372 22.20703 
-804.26841 21.63031 
-804.51531 21.62869 
-802.63488 21.62709 
-801.68838 21.93441 
-801.68246 22.46725 
-802.08882 22.34898 
-802.37417 22.13549 
-804.27809 21.88933 
-805.23014 21.86081 
-804.75866 21.76029 
-805.24955 21.54489 
-805.16088 21.45614 
-805.37189 21.64817 
-805.38210 21.86904 
-806.46531 21.42241 
-805.74030 21.63563 
-805.19746 21.88464 
-804.68211 22.00651 
-804.85222 21.53417 
-805.16764 21.37095 
-804.65261 21.79664 
-805.09756 21.93464 
-803.94319 21.92369 
-802.51677 21.55329 
-802.59396 21.45332 
-801.17700 21.68377 
-802.52517 21.81661 
-802.15698 21.78735 
-802.36403 21.93121 
-801.96961 21.99581 
-801.26859 21.92534 
-800.57214 21.82549 
-804.04417 21.59629 
-804.06649 21.77734 
-804.11585 22.34741 
-804.34749 22.22513 
-804.22684 22.34668 
-803.88034 22.46095 
-804.22512 22.11791 
-805.31115 22.37876 
-807.24101 22.08138 
-806.75765 22.39954 
-805.43882 22.10320 
-804.37219 22.00460 
-804.20886 22.05625 
-802.64561 23.01934 
-803.37942 23.44128 
-801.85205 22.87233 
-801.33440 22.95431 
-801.91452 23.14813 
-801.08605 23.13150 
-801.26855 22.59998 
-801.09525 22.56411 
-800.23768 22.67894 
-801.33932 22.41137 
-800.46890 22.55300 
-798.81129 22.83053 
-801.00501 23.43286 
-801.51111 22.95133 
-803.06376 22.86397 
-803.79080 22.83485 
-803.01538 23.32626 
-801.61432 22.80257 
-802.50597 23.56113 
-803.30707 22.86357 
-802.83203 23.10929 
-802.10953 23.30021 
-801.01582 23.36288 
-801.63754 23.02623 
-802.03440 23.15298 
-801.40247 23.02758 
-802.65916 22.55117 
-804.08025 22.95297 
-805.16809 23.72497 
-803.92928 23.45668 
