-784.65695 1.99904 
-785.34939 4.28276 
-784.65713 5.72271 
-785.35145 7.16294 
-785.41082 8.38878 
-786.49937 9.36079 
-786.42939 10.66620 
-787.20961 12.55638 
-787.85401 12.83979 
-788.20077 12.83701 
-788.01978 13.54739 
-787.80525 14.30461 
-788.18609 15.51642 
-787.53361 16.37650 
-787.66533 17.17144 
-789.02852 17.61708 
-789.13855 18.48886 
-789.74310 19.93068 
-789.29231 20.58908 
-789.15063 21.26788 
-790.10468 21.19254 
-789.72600 21.93397 
-790.09052 22.38405 
-789.39337 22.96352 
-788.86499 22.71669 
-788.35420 23.44985 
-788.78850 23.24773 
-789.02650 23.72155 
-790.71591 23.88481 
-791.57137 23.95271 
-791.35792 24.04643 
-792.11096 24.26305 
-791.81274 24.46103 
-793.00470 23.98975 
-792.52665 24.97742 
-793.39408 25.64903 
-793.88173 25.86730 
-793.22352 26.31181 
-792.98576 27.00101 
-793.38885 27.13591 
-793.16556 27.54312 
-792.96819 27.52838 
-793.38623 27.49872 
-791.45025 27.92983 
-791.55233 28.48657 
-791.43826 29.17066 
-790.94363 30.19915 
-791.22460 30.69638 
-791.82240 31.30779 
-792.76726 31.98518 
-791.71947 32.14664 
-792.12034 32.55250 
-792.19217 32.62253 
-790.85946 32.20225 
-791.86809 32.23257 
-792.11737 32.80746 
-791.49402 32.63553 
-792.53079 31.82534 
-792.91356 32.34628 
-793.41743 30.95338 
-794.24354 30.66023 
-794.07068 30.13746 
-794.60465 30.29514 
-794.31751 31.18111 
-793.45385 31.49765 
-794.79002 31.63059 
-794.45266 31.73638 
-796.32285 32.58430 
-796.43913 32.21812 
-796.63957 32.51337 
-796.19291 32.22045 
-795.47436 33.55214 
-795.46411 33.64426 
-794.54654 33.18167 
-795.80416 31.93973 
-796.09534 31.69969 
-794.81908 32.52913 
-794.85084 33.61917 
-795.51481 34.06682 
-794.80457 33.13004 
-793.18927 33.77895 
-791.75725 33.09589 
-792.06458 33.41801 
-790.81266 33.78590 
-790.49963 32.78924 
-791.13710 32.97659 
-789.65938 33.47257 
-790.22388 33.33760 
-790.15990 33.89846 
-789.05827 33.80761 
-790.68328 34.82284 
-791.94116 33.94894 
-792.04877 33.85637 
-791.83601 33.99440 
-791.67919 34.72434 
-792.87542 35.60442 
-793.03859 35.40644 
-792.24658 36.26124 
-793.03482 37.30034 
-791.62249 37.65614 
-792.52661 38.25843 
-791.85218 38.32601 
-793.25116 38.11783 
-792.11554 37.47130 
-791.54824 37.52892 
-792.68673 37.28625 
-792.38425 38.39103 
-793.21121 37.09911 
-793.74360 36.61467 
-794.83394 36.34363 
-794.54061 35.50183 
-794.93608 34.41264 
-795.30501 33.42496 
-793.81883 33.55025 
-793.14303 33.34216 
-793.70807 33.32481 
-794.52705 32.96749 
-794.31767 32.73206 
-794.95784 33.15102 
-794.83753 33.34497 
-794.95014 33.19097 
-794.73504 33.09804 
-794.39920 33.39139 
-794.03699 33.84944 
-795.69248 33.13065 
-794.14128 33.21697 
-794.18179 32.60632 
-795.23017 33.01442 
-794.01218 33.62992 
-793.84351 33.23560 
-794.35111 34.24077 
-793.64668 34.37859 
-794.49472 33.78939 
-793.35307 32.74674 
-793.79363 32.72780 
-792.60852 32.20754 
-792.88945 31.89120 
-792.82352 31.98672 
-792.68371 33.18508 
-792.56587 33.25837 
-793.45241 32.83356 
-792.94762 33.07161 
-792.09740 33.52918 
-792.04880 32.71536 
-793.27823 31.41370 
-792.07716 31.33404 
-792.05368 31.84155 
-794.07406 31.45334 
-793.37685 32.01661 
-793.95567 31.87429 
-793.46123 31.99311 
-792.86676 33.16148 
-792.55598 33.70267 
-792.72320 33.77196 
-792.43857 34.25166 
-792.36548 34.04245 
-791.89927 34.09042 
-792.25499 34.03496 
-792.09971 32.59844 
-792.76662 31.90929 
-792.96468 31.18969 
-793.45324 31.00861 
-792.57209 31.58970 
-793.14570 31.67548 
-793.32955 31.71482 
-793.03330 32.74812 
-793.60433 33.17043 
-794.18156 32.56452 
-794.51183 33.19233 
-794.95691 32.66290 
-794.78460 33.13041 
-794.20547 33.41605 
-794.26630 31.88282 
-793.89300 31.76472 
-794.07414 31.87053 
-792.80923 31.20120 
-793.25342 31.34936 
-792.20940 31.29821 
-792.96859 30.67040 
-792.87803 31.09382 
-793.64002 31.34455 
-793.86075 31.40247 
-793.26013 31.60262 
-791.99332 31.21411 
-792.42748 31.76535 
-792.41987 32.25024 
-792.44178 31.78725 
-792.39287 31.59534 
-791.83999 32.17388 
-792.23442 32.05396 
-792.82776 31.45831 
-792.66145 31.21823 
-793.13445 31.09908 
-793.11971 31.74145 
-791.96841 32.07466 
-792.83864 32.34856 
-794.23921 32.23948 
-794.01559 31.55884 
-794.96165 31.45415 
-795.08682 32.25111 
-795.47101 32.97023 
-795.49186 32.73507 
-795.40338 32.64858 
-795.18234 32.32958 
-795.94979 31.88296 
-796.53139 31.37534 
-796.62779 31.22484 
-795.42409 31.42579 
-794.07674 32.32894 
-793.32584 32.92716 
-792.90443 33.39282 
-792.76412 33.24272 
-794.03241 33.62822 
-793.11180 33.23003 
-791.50511 32.88362 
-791.69008 33.10772 
-792.14962 33.88318 
-792.66858 34.29232 
-792.51516 33.85073 
-792.92602 34.39185 
-793.10865 34.38520 
-793.21726 34.39846 
-793.10050 33.91747 
-793.37919 33.32782 
-793.13394 33.49506 
-793.66564 33.28866 
-793.52007 32.73669 
-794.28099 32.96371 
-793.79812 32.87814 
-793.61845 32.67240 
-793.33178 33.41423 
-794.15591 33.57214 
-792.94222 34.19092 
-792.63106 34.41805 
-792.07887 34.41840 
-792.41309 33.99211 
-792.20570 33.35870 
-792.64500 33.58788 
-793.27145 33.56484 
-792.67837 34.41159 
-793.12301 34.34291 
-794.40672 33.94330 
-795.22446 33.67179 
-794.30329 32.93747 
-794.04068 32.88657 
-794.47788 33.20117 
-794.24718 32.48481 
-794.87251 31.84535 
-794.30924 31.58476 
-793.44870 31.52830 
-795.10766 30.81768 
-794.36897 31.15979 
-793.88244 31.04979 
-793.91480 32.16999 
-793.46873 31.30916 
-792.56007 32.32523 
-793.59682 32.73007 
-794.08704 32.24506 
-793.40191 31.95399 
-794.01894 32.25248 
-794.82593 31.49840 
-795.16296 31.03583 
-795.00560 30.72271 
-794.51759 30.45005 
-794.68374 30.39317 
-794.12189 30.09570 
-794.61103 29.86950 
-794.67049 29.45117 
-793.84566 30.14973 
-794.18642 30.81458 
-793.34119 30.83784 
-793.13884 30.54594 
-793.88254 30.37554 
-793.54474 30.84174 
-794.64078 31.04195 
-793.95101 31.25965 
-794.49149 31.73578 
-794.06069 31.45725 
-794.17803 31.03453 
-794.30055 30.22522 
-792.23335 30.70833 
-791.74468 30.33798 
-791.68980 30.18517 
-793.82166 30.52336 
-793.73107 30.05287 
-794.11496 30.05898 
-793.94752 30.64478 
-793.63051 30.21657 
-793.85224 30.30519 
-793.09098 30.76244 
-795.33469 31.01505 
-794.18006 30.80535 
-795.49882 29.86592 
-795.50073 29.28987 
-795.54231 28.83406 
-794.85169 29.18569 
-795.09730 29.66892 
-793.57300 30.49386 
-792.84553 31.09938 
-792.74086 30.86378 
-792.83662 31.43654 
-793.48339 31.79546 
-792.88626 31.87040 
-793.53518 32.91505 
-793.27913 34.06302 
-793.95347 34.90640 
-794.12276 35.87394 
-793.97885 35.07259 
-794.01747 35.74256 
-794.48223 35.90038 
-794.36376 35.25196 
-795.07233 33.62968 
-794.89588 34.18828 
-794.30942 34.23705 
-794.10473 34.18158 
-793.82498 34.50920 
-793.97967 35.06779 
-793.80859 35.10691 
-793.61419 34.59369 
-793.78364 34.16661 
-794.30147 33.72820 
-793.94312 33.04427 
-793.39449 33.11800 
-795.01622 32.19026 
-793.66105 32.10444 
-793.97634 31.70978 
-793.86658 31.60091 
-792.94191 31.90779 
-793.16597 32.41301 
-794.48125 32.49208 
-794.07826 32.40595 
-795.13969 32.09140 
-794.16245 32.85044 
-792.72040 33.10262 
-792.74978 33.11597 
-792.73418 32.94583 
-792.31739 33.30485 
-793.46645 32.86559 
-794.21966 31.67504 
-793.85873 31.21441 
-793.79623 31.71825 
-794.26286 31.53838 
-793.85517 31.49339 
-792.75442 31.57133 
-793.96540 31.05672 
-793.49594 31.65165 
-793.57306 32.06540 
-793.32171 32.40990 
-792.29831 32.51345 
-790.54734 32.26680 
-791.85656 32.32036 
-793.09885 32.92543 
-791.24661 32.78797 
-792.44300 32.51685 
-792.17175 32.56318 
-791.83744 33.53578 
-791.84427 33.25412 
-792.05986 33.33605 
-791.39612 33.00794 
-791.09315 32.80357 
-792.92182 32.34010 
-793.91385 33.00498 
-793.79794 34.16634 
-793.77445 34.03057 
-792.41463 34.55949 
-793.04867 35.19974 
-792.25575 34.64371 
-791.26968 35.37505 
-790.85618 34.13357 
-791.12831 33.90308 
-791.51775 33.55642 
-791.40240 34.55799 
-792.49625 33.81030 
-792.30612 34.14299 
-793.11587 33.63260 
-791.78201 33.74925 
-791.18242 33.45245 
-790.43164 32.58693 
-790.38229 32.36378 
-790.73322 33.31131 
-789.27684 33.87840 
-790.34472 33.53648 
-791.57896 33.13011 
-792.23259 32.13066 
-792.10855 31.98098 
-791.90988 31.56324 
-791.70271 32.15359 
-791.92568 32.06376 
-791.22949 32.52125 
-792.09103 31.48919 
-792.24361 31.48993 
-792.31173 31.60534 
-792.15265 31.61395 
-791.74657 31.47470 
-790.58271 31.50987 
-788.71956 31.47201 
-789.80860 32.94285 
-789.19636 32.80323 
-790.29804 32.27483 
-789.04799 31.84509 
-788.71877 32.02845 
-789.96056 31.04195 
-789.83218 30.97561 
-789.82279 31.60837 
-791.04272 31.96599 
-791.39923 31.48018 
-789.86450 31.35021 
-789.93409 31.06223 
-790.20136 31.35959 
-791.42773 31.37657 
-791.59865 29.74392 
-791.96558 29.17403 
-791.61384 28.18850 
-791.46210 27.82795 
-791.33655 28.20026 
-791.67090 28.57557 
-791.41250 29.33553 
-792.15583 29.18695 
-792.89704 29.18074 
-792.03562 29.43450 
-791.82523 29.90136 
-791.94230 29.62471 
-792.03209 29.72940 
-791.80450 30.06312 
-791.51721 30.04252 
-792.14522 30.44930 
-792.33290 30.17113 
-791.26673 30.99355 
-790.48507 31.46800 
-791.17877 31.87309 
-791.35600 32.63898 
-791.62980 33.07074 
-791.79668 32.36174 
-791.69822 32.62348 
-792.84642 32.49903 
-792.18735 33.00042 
-791.43037 33.65970 
-790.37572 33.95685 
-791.34427 33.91991 
-792.10466 33.75018 
-792.10329 33.84638 
-791.95013 35.12181 
-791.81788 36.05873 
-793.07534 35.58811 
-794.48312 34.93720 
-793.33120 35.03253 
-794.02392 36.01778 
-793.12998 35.56420 
-793.65172 35.43910 
-791.67486 35.25193 
-793.68510 34.85027 
-793.54041 35.23087 
-793.32046 35.57530 
-793.76842 35.22856 
-791.88938 34.27430 
-792.18251 34.55033 
-792.28297 35.45728 
-791.37203 35.72311 
-790.89259 36.02570 
-791.48133 35.88725 
-792.32413 35.32172 
-793.84731 34.38129 
-794.18415 33.60559 
-792.96721 33.95840 
-793.45588 34.77651 
-792.07903 35.49259 
-791.56016 35.80042 
-791.59089 35.03131 
-790.86926 34.48607 
-791.63303 34.27171 
-791.20447 34.75533 
-791.60434 34.40584 
-791.74246 34.14591 
-789.76622 34.66749 
-789.71180 34.73988 
-789.06382 34.09205 
-788.73902 34.12870 
-788.52320 35.22903 
-789.48642 34.91236 
-789.63852 34.65768 
-789.38264 36.50830 
-789.66796 35.87168 
-789.63376 36.18319 
-791.22782 35.86368 
-792.19076 35.68371 
-791.83375 35.34387 
-792.00008 34.27807 
-793.34569 33.18884 
-794.80425 33.23319 
-794.17701 33.55890 
-794.29436 33.51206 
-794.23523 34.22217 
-793.72231 33.93819 
-794.01048 33.54346 
-793.95617 33.93321 
-794.84132 33.08135 
-794.86874 32.48415 
-795.22091 33.50278 
-794.69065 33.23750 
-795.36263 34.01316 
-795.62789 33.85080 
-795.05848 34.23915 
-795.86542 34.10431 
-794.63471 32.78988 
-794.90547 32.23272 
-794.48724 31.70300 
-794.50171 30.97864 
-794.59872 30.52300 
-793.89356 30.88027 
-792.70016 30.80322 
-792.22197 30.96212 
-793.52183 31.11666 
-792.66016 30.98554 
-791.55053 30.63679 
-790.80548 30.26944 
-792.48723 32.01037 
-792.37237 31.25631 
-791.53895 31.14508 
-791.42932 30.91203 
-791.61917 31.00880 
-791.71615 32.11885 
-791.78353 31.77516 
-791.25375 31.77201 
-791.37434 32.35119 
-792.13423 32.02856 
-792.99297 31.91125 
-791.39198 32.29091 
-791.66098 31.50468 
-790.89801 30.78564 
-792.23625 31.04816 
-792.28169 31.36210 
-792.68119 31.15001 
-794.62996 31.15397 
-793.08055 32.25254 
-792.14557 31.91468 
-792.55752 32.06570 
-793.55805 31.73002 
-793.22594 32.06591 
-793.34123 31.15128 
-793.86907 30.37008 
-794.02195 30.22990 
-793.27550 30.31589 
-794.56006 30.13832 
-793.77195 29.72841 
-793.56015 29.68472 
-794.22363 27.85907 
-794.29771 27.52306 
-793.39197 28.15852 
-792.99269 28.17050 
-791.94700 27.94640 
-791.70261 27.93591 
-790.57492 28.39355 
-792.28564 29.33034 
-792.01791 28.78547 
-792.99336 30.18317 
-792.43661 29.53356 
-792.65567 29.28915 
-792.44462 28.88280 
-792.95458 29.44508 
-793.96065 29.79384 
-792.58315 30.19654 
-792.50729 29.95590 
-793.73266 29.69489 
-793.04543 29.79131 
-793.07772 29.92194 
-793.79301 29.84162 
-794.89103 30.04134 
-794.43307 29.34696 
-794.48296 29.11238 
-794.74841 29.12690 
-794.22705 29.08968 
-792.83176 30.27448 
-792.18186 30.39745 
-791.70990 31.17035 
-789.99569 31.32922 
-789.83738 31.61033 
-788.40441 32.00487 
-789.70743 32.08636 
-788.94941 32.35918 
-788.56565 33.06558 
-788.71739 33.46563 
-788.86975 33.87519 
-788.46979 34.33324 
-789.86010 33.80810 
-788.78174 34.04915 
-788.15980 33.57217 
-788.86246 33.91871 
-788.59786 33.89087 
-789.10928 34.18357 
-787.82792 34.61979 
-787.98738 34.83075 
-788.72251 34.74059 
-789.31746 34.89393 
-788.57472 34.36806 
-787.04181 33.62984 
-787.62707 33.89831 
-787.13636 34.00508 
-787.00463 34.66566 
-787.55506 34.36435 
-788.51203 34.90039 
-787.41654 35.02751 
-786.55373 35.04314 
-787.18286 35.06198 
-787.62403 34.18388 
-788.13839 34.52933 
-788.34931 34.55561 
-787.62012 34.36673 
-787.96654 34.51471 
-789.76477 33.91060 
-788.96599 34.24380 
-789.28596 34.28010 
-790.22984 34.84196 
-791.14555 34.06096 
-790.04933 35.40643 
-790.41521 35.58864 
-790.72235 35.56729 
-791.72392 36.46877 
-791.35937 36.94327 
-790.93242 36.76468 
-791.52287 36.89578 
-791.74643 36.95132 
-792.49021 36.31949 
-792.29340 37.65603 
-791.06827 37.01581 
-790.92696 37.37388 
-790.91439 36.19519 
-791.31866 36.43976 
-791.11228 35.73705 
-792.11395 35.79449 
-793.60100 35.56036 
-793.36155 36.61697 
-793.76400 35.15618 
-793.75307 34.65675 
-793.34795 34.05386 
-792.55665 33.21563 
-792.73791 33.15488 
-793.70222 33.76894 
-793.92952 33.66293 
-792.74556 33.49744 
-794.37122 32.77490 
-794.04770 32.28226 
-794.76027 32.76931 
-794.11805 32.90283 
-793.49899 33.31202 
-793.00036 33.30842 
-792.98777 33.33392 
-793.27492 34.42244 
-793.48951 34.66266 
-793.06736 34.62391 
-793.50640 33.81898 
-793.55660 33.91203 
-793.26948 34.70367 
-793.20599 34.33618 
-793.04840 33.37363 
-792.72254 32.64699 
-792.67085 32.89629 
-791.79501 32.85250 
-792.00659 32.86483 
-792.59922 33.25598 
-793.10481 34.14592 
-793.24745 34.99305 
-792.94092 35.58752 
-792.96551 36.30491 
-792.61706 35.87572 
-794.40665 35.66922 
-793.27185 36.73702 
-793.10285 35.67175 
-792.58946 34.43869 
-793.00831 34.02419 
-792.56597 33.60312 
-792.80090 34.03233 
-794.50984 34.03247 
-794.33061 33.61968 
-793.96080 33.74117 
-794.54532 34.74048 
-793.68465 34.32655 
-794.27542 33.39525 
-792.87998 33.07430 
-792.87297 33.13328 
-793.94293 32.33982 
-793.83085 31.63670 
-793.05657 31.29476 
-792.60031 30.89601 
-792.20160 31.35341 
-792.51250 31.06549 
-793.33698 31.33905 
-793.59618 30.89417 
-793.78773 32.22642 
-793.52042 31.90280 
-793.60097 30.94745 
-793.52086 31.08604 
-794.22138 31.19905 
-793.78662 31.75123 
-794.39140 31.20780 
-794.35896 31.41255 
-794.40682 31.39463 
-793.86990 32.01330 
-792.81601 33.60524 
-792.18797 33.96586 
-791.98680 34.59769 
-792.19817 35.06300 
-791.80911 34.50212 
-792.03663 33.34500 
-793.00796 34.08503 
-791.08597 34.60061 
-790.67190 34.61948 
-790.61534 34.17667 
-790.95627 33.87701 
-789.91591 32.70235 
-788.78083 31.60330 
-789.67399 30.60611 
-789.24866 29.86233 
-790.61274 28.85926 
-792.19249 28.53639 
-792.29000 28.54856 
-791.86037 28.35617 
-791.74179 28.03911 
-791.03798 28.29737 
-791.17982 28.58384 
-792.24934 28.41535 
-792.77880 29.11034 
-793.80722 29.20124 
-793.99340 29.27329 
-794.73444 29.67073 
-793.48881 29.96517 
-792.83226 30.29737 
-793.30135 29.60147 
-793.64589 30.58446 
-793.55956 30.70027 
-794.03259 29.91321 
-792.74559 29.84140 
-792.61041 29.86188 
-792.83557 29.78238 
-791.53954 29.69232 
-792.64794 30.10971 
-792.11275 29.15758 
-790.92654 29.74687 
-791.06578 30.43855 
-789.37333 30.37661 
-789.73003 30.80738 
-790.29488 31.81592 
-791.40363 31.22824 
-791.42311 32.14184 
-791.59142 32.17829 
-792.22517 30.38776 
-790.85601 31.99665 
-789.48081 31.61238 
-789.71522 31.55800 
-789.18462 31.40464 
-789.80091 30.70744 
-789.48486 30.95086 
-789.13367 30.62788 
-788.81947 31.75902 
-790.31719 32.31015 
-790.94552 32.57392 
-790.93614 32.60351 
-791.16812 31.80361 
-791.60196 32.19627 
-792.24293 31.54877 
-792.43922 31.39068 
-791.81431 31.26311 
-791.38190 31.11665 
-789.84089 30.30545 
-791.45182 30.53452 
-792.64557 30.39541 
-793.10377 30.34012 
-792.04022 30.19022 
-792.49668 30.62361 
-792.37023 30.38935 
-791.61690 29.87230 
-791.68113 30.46283 
-791.83248 29.84037 
-792.94844 29.84926 
-792.83556 29.64932 
-792.51535 30.35708 
-793.23743 30.13683 
-791.97870 30.48598 
-791.38904 30.90705 
-790.64090 30.46564 
-791.06820 30.36214 
-790.57648 30.31600 
-792.04563 30.08332 
-791.84753 30.45193 
-791.56178 29.35054 
-790.84444 29.36682 
-792.23714 29.58922 
-792.38630 29.46590 
-792.11572 29.71433 
-792.68828 29.28327 
-793.60196 29.30873 
-794.07381 29.92397 
-792.69512 29.99455 
-793.67062 30.61603 
-794.02428 31.11203 
-793.15779 31.68563 
-793.03411 31.32897 
-793.33325 31.91685 
-793.67062 32.42873 
-794.00583 33.43449 
-792.47559 33.72961 
-793.83557 34.22404 
-794.55947 34.92128 
-795.14235 35.17351 
-793.73573 34.53193 
-793.68944 34.47020 
-794.20286 35.39786 
-794.62918 35.73443 
-795.13231 34.38823 
-793.24131 33.67197 
-792.40813 31.92678 
-792.89051 32.08381 
-792.09915 32.68230 
-792.02184 33.16891 
-791.76464 33.55562 
-792.29652 35.60365 
-791.51325 36.11556 
-793.41934 35.78972 
-792.38604 35.94265 
-793.45087 36.00456 
-792.63038 35.66035 
-792.41090 36.10310 
-792.12643 36.13672 
-792.49754 35.51666 
-792.87621 34.93653 
-792.46419 35.20764 
-793.12553 35.54729 
-794.08275 34.82328 
-793.86862 33.61783 
-793.21611 33.93355 
-792.34907 33.87009 
-793.22882 34.21872 
-792.42404 34.50732 
-791.32146 35.18425 
-792.07654 34.48660 
-792.77301 33.97540 
-794.27222 33.60375 
-794.21488 33.60645 
-794.52470 33.24268 
-794.76803 32.87243 
-795.46642 33.32413 
-796.88206 32.88926 
-797.12979 33.05778 
-798.09096 33.75306 
-798.33009 32.50444 
-797.68639 32.82821 
-798.31408 33.37137 
-797.56348 33.28036 
-796.82689 33.07724 
-797.11081 33.40291 
-796.91346 34.19156 
-796.03342 33.55475 
-794.66866 33.16886 
-794.27044 33.83327 
-794.92742 33.10286 
-794.85967 33.20376 
-796.25349 33.03442 
-795.43307 34.06757 
-795.62799 34.45636 
-795.56880 35.15917 
-796.97541 34.89705 
-795.67728 35.16504 
-796.07848 34.94581 
-795.13015 35.79516 
-794.50521 35.01997 
-793.77400 34.68876 
-794.70157 34.85769 
-794.63509 35.70365 
-794.41135 35.33648 
-795.11951 34.33020 
-796.33827 34.40065 
-795.83869 34.84869 
-794.94082 34.93511 
-792.61171 36.05496 
-793.24450 34.59658 
-791.61559 34.00834 
-791.84978 33.28385 
-793.07065 34.24628 
-792.74771 34.74937 
-793.79299 34.65997 
-795.16987 34.75907 
-796.71704 35.66396 
-797.60269 36.40450 
-796.70151 36.41175 
-795.72276 35.95094 
-796.53727 35.10220 
-795.99721 35.43110 
-795.28091 35.61318 
-792.78628 35.08411 
-792.56468 34.57047 
-793.82707 33.93941 
-794.62183 34.20120 
-794.80905 33.81319 
-794.32081 33.60430 
-794.74673 33.10127 
-793.70143 33.41001 
-793.68137 33.01248 
-794.29134 33.35248 
-794.55353 33.11161 
-794.25945 34.07236 
-795.53108 33.97209 
-795.56073 34.55943 
-794.83125 34.11621 
-793.83106 34.59015 
-795.20883 34.29102 
-795.59325 33.83152 
-796.76490 32.88334 
-796.22769 32.02054 
-795.46930 31.68615 
-796.13262 31.86482 
-795.44658 32.00660 
-796.08100 32.50807 
-795.98454 33.49616 
-795.51691 33.14844 
-795.32620 33.25368 
-794.94215 32.57821 
-794.54809 34.69204 
-795.70271 34.90193 
-795.27448 34.28332 
-794.66616 34.44680 
-794.26781 35.30615 
-794.93245 34.96712 
-795.86987 35.06329 
-795.78417 35.63249 
-795.19205 35.49422 
-795.58287 35.62438 
-796.20940 35.15253 
-794.23630 35.94657 
-794.61787 36.31549 
-795.91451 36.76805 
-795.16159 36.00463 
-794.22574 35.59363 
-793.73832 35.12719 
-792.23030 35.62235 
-792.28053 35.54621 
-793.09126 35.37971 
-791.83670 34.70673 
-792.41766 35.18884 
-791.68046 34.63117 
-791.20634 35.04498 
-790.71191 35.22012 
-788.97035 34.20287 
-789.31963 33.33550 
-790.47076 33.24655 
-792.27732 32.87495 
-791.96617 33.92939 
-791.86599 34.15896 
-792.16737 34.45297 
-792.19344 34.49580 
-791.66376 33.57197 
-792.74385 33.15760 
-793.66713 33.25453 
-793.69004 32.59856 
-792.53205 32.74837 
-794.42900 32.03562 
-795.19946 31.56182 
-793.77821 30.94982 
-792.90526 30.48948 
-793.15919 30.07611 
-791.98402 29.92041 
-791.90235 29.63254 
-791.66094 29.93440 
-791.79588 30.15905 
-790.40407 30.07936 
-792.10208 31.00667 
-792.99163 29.60867 
-792.99134 30.35838 
-793.75263 30.58287 
-794.42681 29.79813 
-794.37132 29.91810 
-793.85845 31.30643 
-793.79058 31.25268 
-793.64711 31.41568 
-794.35683 31.88554 
-794.33368 31.36121 
-793.44986 31.23541 
-792.92244 31.47233 
-792.51099 31.19815 
-792.04085 32.03475 
-792.38698 31.47691 
-793.05247 30.88387 
-794.52171 30.07111 
-794.86679 30.40243 
-795.14536 30.91987 
-794.72951 30.53768 
-793.35139 31.23084 
-793.22937 32.33493 
-791.35383 33.10045 
-790.62858 33.20201 
-791.49211 33.35779 
-791.54016 32.76394 
-790.36029 32.88857 
-790.33443 32.73889 
-790.30408 33.57064 
-790.94192 33.78327 
-791.14700 33.05192 
-791.29763 33.28080 
-790.62276 33.31124 
-790.55289 32.59419 
-790.39985 33.54018 
-789.76909 33.53603 
