-777.76613 1.02434 
-777.68083 2.17736 
-779.35935 2.83748 
-777.74551 3.52476 
-776.51669 3.90342 
-778.43165 4.65969 
-781.59946 5.33116 
-781.83055 6.05627 
-783.18638 6.30116 
-782.44358 6.91038 
-781.38135 7.61379 
-781.88478 8.12576 
-780.92630 8.83032 
-782.35766 9.00944 
-780.43757 9.10207 
-779.34138 9.34822 
-779.01024 9.72121 
-779.09952 10.15829 
-780.71399 10.65556 
-779.45475 11.09516 
-781.65753 11.29904 
-781.47603 11.23825 
-778.78573 11.72558 
-779.89982 11.98700 
-780.33232 11.89621 
-778.91599 12.18644 
-779.77444 12.38685 
-778.10132 13.43928 
-778.25968 13.66233 
-778.16382 14.08988 
-776.92606 14.31978 
-779.21883 13.91972 
-778.68662 14.39447 
-779.69096 14.00587 
-779.60500 13.94984 
-777.49147 14.08290 
-778.71581 14.23814 
-779.03230 14.24483 
-776.90306 14.61635 
-779.61184 14.62500 
-780.83083 14.50064 
-780.73958 14.63568 
-780.13659 14.77023 
-781.75293 14.72668 
-785.73871 14.75621 
-785.11920 14.71944 
-786.90591 15.32797 
-786.92211 15.42406 
-786.42674 15.73519 
-785.37667 15.36768 
-786.52405 15.87851 
-785.40704 15.91686 
-785.89577 15.89515 
-786.06916 16.04408 
-786.55199 16.31006 
-785.79462 16.63816 
-787.11143 16.83009 
-785.98781 16.43140 
-784.37477 16.30351 
-787.07744 16.63456 
-787.53638 16.86027 
-786.44714 17.01922 
-785.88351 17.27149 
-786.24773 17.33115 
-787.43294 17.42383 
-786.91144 17.51614 
-786.71608 17.65921 
-787.24919 18.14054 
-786.48777 18.04045 
-787.65163 18.01343 
-787.17805 17.96042 
-786.05924 17.79277 
-784.35966 17.62445 
-784.87325 18.13172 
-785.05002 18.31392 
-783.32928 18.67496 
-785.59055 19.28716 
-785.93311 19.33912 
-785.41114 19.86475 
-787.72861 19.72485 
-787.96769 20.04701 
-786.17104 19.78467 
-786.72292 20.13298 
-785.73907 20.22204 
-784.95536 20.33769 
-784.58557 20.26658 
-783.94641 20.35584 
-783.09320 20.65307 
-783.40021 20.80335 
-784.81595 20.74643 
-783.62184 20.77491 
-785.93099 20.59670 
-783.53466 20.15407 
-785.08958 20.26672 
-785.01658 20.17343 
-787.37329 20.65721 
-788.95422 20.91310 
-788.83648 20.56960 
-788.24941 20.62686 
-789.50229 20.68432 
-790.37825 20.29884 
-789.73897 20.70338 
-788.29267 20.33204 
-787.77505 19.45034 
-786.37833 19.29419 
-788.62354 19.57376 
-786.69639 19.64897 
-784.99503 19.76487 
-784.31505 20.02904 
-783.35636 20.60278 
-786.68332 20.65819 
-784.78838 20.93088 
-782.47770 20.35073 
-782.98377 20.30145 
-784.52416 20.19336 
-785.01747 20.99776 
-782.23767 21.02594 
-783.97480 21.63065 
-781.60227 21.18749 
-780.20157 21.47469 
-781.52982 21.08105 
-782.70091 21.16244 
-783.86770 21.20267 
-784.34600 20.76424 
-784.49227 20.97500 
-784.67198 21.37680 
-786.00965 21.12894 
-785.01114 21.03574 
-785.28050 21.46136 
-785.21167 21.68691 
-784.66525 21.73441 
-785.41320 21.61917 
-788.64338 21.73869 
-791.92879 21.47974 
-790.19465 22.10682 
-791.12273 22.02847 
-794.00994 21.95078 
-792.66843 21.77797 
-789.46913 22.22705 
-791.36080 22.43615 
-790.43933 22.47997 
-790.34492 22.80633 
-789.38994 22.70014 
-788.62305 22.62731 
-787.48116 22.48949 
-787.37911 22.75823 
-786.58357 22.67398 
-785.91977 22.40771 
-787.81585 22.78544 
-786.98295 22.51980 
-787.11420 23.46973 
-786.81145 24.37429 
-785.48255 24.24139 
-786.78519 24.32637 
-786.75271 24.36207 
-786.22311 23.60274 
-788.06186 24.24691 
-787.53374 24.51305 
-786.68911 24.46410 
-789.80843 24.50693 
-789.97181 24.18796 
-789.73318 24.17679 
-790.88610 24.12972 
-792.31307 24.42857 
-790.66337 24.03008 
-790.65883 23.75218 
-791.16747 24.15148 
-791.06661 24.45915 
-791.50861 24.58147 
-790.71139 25.23825 
-789.15709 24.85352 
-790.61457 25.02224 
-791.93956 24.86506 
-792.10655 24.47659 
-794.05110 24.10121 
-791.67137 24.58035 
-789.79243 24.94854 
-790.55587 24.77460 
-788.76676 25.09103 
-790.18050 24.57668 
-788.62151 24.76748 
-788.60037 24.16990 
-789.74711 24.24375 
-788.99337 24.19243 
-792.46773 24.17260 
-792.70453 23.98058 
-790.66578 24.21186 
-790.12661 24.42972 
-791.99626 24.15537 
-792.47271 24.61518 
-792.37391 24.86609 
-791.66900 25.02940 
-792.30041 24.47455 
-790.71254 24.41644 
-788.04049 24.64724 
-787.66806 25.51535 
-789.22817 25.72143 
-786.96724 26.42726 
-786.12152 26.52751 
-786.90566 26.48394 
-787.27492 25.97946 
-785.63383 25.36273 
-786.36109 25.81280 
-786.36192 26.13525 
-788.05318 26.37935 
-790.55736 26.72640 
-792.30714 26.18852 
-790.60571 26.29524 
-790.09436 27.04289 
-790.27403 27.63077 
-791.11165 27.07821 
-792.00761 27.15147 
-789.33033 27.02265 
-787.48766 27.42375 
-787.89967 27.01294 
-790.80121 26.26012 
-792.54778 25.99952 
-791.04794 25.94047 
-791.35338 25.60197 
-791.00952 25.46383 
-789.60420 25.28205 
-789.96230 25.16264 
-792.94997 24.39448 
-791.01444 24.33905 
-793.00601 23.83724 
-790.43031 24.17878 
-789.70000 23.94648 
-788.91861 23.85434 
-790.88198 23.08098 
-792.52304 22.76909 
-792.74006 22.56144 
-791.10598 22.25764 
-790.16945 22.56444 
-790.21999 22.47645 
-789.46844 22.78494 
-788.78018 22.52801 
-789.60143 21.96553 
-791.33031 22.16280 
-790.69556 21.96407 
-794.04464 22.15183 
-795.06258 22.49266 
-792.57475 22.35010 
-793.46551 22.27124 
-794.05317 22.60642 
-793.01864 22.39752 
-794.57940 22.67272 
-794.52192 23.28749 
-793.93848 23.68366 
-794.44285 23.98029 
-793.66647 24.12449 
-793.89916 23.86355 
-794.46456 23.52045 
-795.93510 23.21796 
-794.94577 23.27477 
-793.13126 23.65975 
-791.91466 23.55029 
-793.43920 23.68147 
-792.86506 23.68114 
-792.84932 24.34462 
-792.97555 24.56111 
-794.75317 24.24700 
-794.40681 24.36672 
-794.63291 24.24962 
-793.42665 24.36851 
-793.42697 24.26201 
-794.50636 23.91278 
-795.90342 23.39484 
-796.05975 22.79634 
-796.53858 22.15740 
-795.88636 22.07191 
-796.08993 21.90947 
-796.12655 21.67562 
-793.87377 22.20020 
-794.21244 22.53865 
-793.28416 21.61267 
-793.22534 21.59762 
-793.17823 21.64972 
-790.98584 21.82520 
-791.55097 21.87655 
-792.58333 22.13953 
-790.37347 22.42203 
-791.21662 21.89416 
-792.62114 21.82922 
-789.70506 21.84275 
-789.55306 22.02949 
-789.88418 21.72477 
-788.70776 21.91730 
-788.37742 21.74274 
-788.11838 22.23050 
-787.54024 22.60088 
-788.80402 22.72009 
-787.51001 22.80400 
-787.13007 23.21894 
-785.59921 23.24851 
-787.91816 23.55627 
-787.80778 23.54139 
-788.48301 23.08601 
-790.44480 23.26180 
-787.58158 23.36948 
-791.20432 23.23212 
-790.82497 23.39877 
-789.75820 24.01402 
-786.97204 23.88301 
-787.86241 23.83603 
-789.88094 23.67065 
-791.44488 23.69890 
-792.97664 23.88148 
-793.45177 24.10196 
-792.52739 24.00181 
-792.07989 24.18733 
-792.28149 23.87591 
-791.37816 23.38764 
-790.33672 23.63981 
-789.63760 23.57394 
-790.50393 23.33197 
-791.39618 23.27191 
-792.61608 23.60819 
-794.64976 24.20515 
-791.84979 24.08405 
-790.63253 23.29156 
-791.50949 23.14533 
-790.72686 23.04172 
-789.20097 23.37384 
-791.73195 23.04614 
-792.66549 22.95595 
-792.26799 22.88906 
-789.93506 22.84129 
-790.22606 22.95752 
-789.29732 22.67343 
-787.09122 22.93429 
-787.76268 23.28473 
-787.25065 23.24979 
-787.39602 22.65386 
-788.50975 22.75597 
-790.38162 23.07055 
-792.90828 22.94410 
-791.99189 23.20980 
-791.48141 22.55956 
-793.40318 22.49922 
-791.43446 22.60169 
-791.56152 22.88297 
-791.32751 22.83611 
-790.39316 22.29634 
-792.54612 22.70086 
-793.83569 22.51404 
-793.54360 22.97883 
-794.75296 22.87882 
-793.63225 22.44690 
-793.63617 22.39376 
-792.78725 22.78893 
-790.76163 22.64166 
-790.89282 22.68110 
-792.35022 23.07674 
-793.19805 23.33412 
-791.27039 23.59390 
-792.61666 23.45121 
-791.87135 23.60046 
-793.14849 23.31467 
-793.50683 23.65464 
-793.37813 24.14200 
-791.65432 23.89065 
-790.96257 23.47565 
-788.92988 23.58679 
-789.23192 23.39017 
-790.39001 23.08022 
-791.59327 23.54654 
-789.26100 23.58585 
-791.44313 23.87114 
-791.22777 24.02713 
-791.09702 23.29306 
-790.57421 23.57441 
-790.41896 23.50885 
-790.61559 23.26195 
-789.43479 23.21179 
-790.06037 23.12395 
-789.46301 23.59036 
-790.99448 24.08694 
-789.20595 24.56908 
-789.50048 24.57500 
-791.41273 24.43976 
-791.55112 24.33560 
-790.56565 24.11552 
-791.66155 24.14275 
-792.40425 24.30609 
-791.34304 24.17958 
-791.96048 23.93479 
-789.66628 24.32646 
-790.04346 24.26385 
-789.48105 24.12991 
-788.12217 23.98618 
-786.39358 24.42701 
-787.75234 24.29433 
-786.74599 24.05183 
-787.18607 24.02384 
-789.71246 25.03261 
-789.03664 24.53244 
-791.02526 24.56108 
-790.42636 24.53046 
-790.81642 25.05126 
-789.88788 24.45152 
-789.68969 23.77413 
-788.43718 24.12986 
-787.75312 24.06750 
-789.85821 23.57673 
-789.80953 24.04289 
-789.80648 23.74791 
-788.00633 24.15725 
-788.16581 24.59593 
-790.82888 24.22255 
-790.59927 23.85268 
-790.35242 23.86848 
-789.34525 24.10544 
-790.17905 24.30396 
-789.90035 24.73992 
-788.56297 24.63310 
-789.09994 24.80402 
-792.54994 24.66601 
-791.56707 23.84367 
-792.84775 23.49608 
-793.63247 24.54009 
-792.13277 24.72901 
-792.24935 25.23417 
-792.43467 25.04789 
-792.48271 25.05723 
-790.67014 25.22972 
-790.73999 24.76654 
-788.79718 24.99126 
-789.78255 24.52120 
-788.77316 25.13642 
-785.95333 25.71431 
-786.10560 25.58983 
-786.51530 25.52538 
-787.13334 25.56068 
-787.94506 26.00437 
-784.97699 25.93395 
-785.37350 26.09086 
-782.60425 26.14852 
-783.68343 25.78342 
-786.70068 25.89157 
-788.31187 26.08453 
-786.18820 26.35007 
-785.80452 26.42282 
-786.19098 25.91623 
-788.39858 25.65002 
-787.20124 25.65570 
-788.67463 25.43380 
-787.35422 25.13050 
-787.03012 25.40252 
-786.33081 26.02374 
-783.52107 26.61911 
-782.87110 26.19344 
-784.18490 26.66303 
-783.67056 26.80420 
-784.80615 26.64933 
-785.83338 26.68539 
-788.07637 26.43989 
-786.95252 26.24360 
-787.31993 26.40513 
-784.99528 25.69487 
-788.60265 25.75307 
-787.56992 25.47949 
-787.24144 25.69883 
-784.86772 25.85768 
-786.26106 26.39955 
-785.51016 26.86362 
-787.00497 26.92226 
-785.85364 26.39391 
-785.00168 26.29028 
-786.84965 25.80616 
-787.81015 25.58259 
-788.34932 25.24679 
-788.23130 25.35811 
-787.01067 25.84883 
-785.05485 25.59340 
-785.12372 26.02663 
-785.97233 25.95673 
-785.65534 26.21098 
-785.28873 26.06278 
-785.07680 25.71458 
-786.60542 25.25023 
-785.68463 25.04892 
-785.80208 24.57991 
-786.72979 24.78236 
-788.40841 25.08109 
-787.66457 24.71704 
-788.77862 24.50192 
-787.64328 24.20761 
-787.61193 24.66716 
-788.01438 24.71789 
-785.46194 24.68059 
-785.09689 24.55831 
-784.90664 25.22267 
-786.47634 24.89739 
-786.47006 24.98415 
-785.75950 25.38550 
-785.79647 25.18646 
-788.07356 25.69938 
-786.54522 25.79186 
-789.35479 25.59329 
-790.50932 25.94177 
-790.08243 26.78083 
-790.24398 27.02555 
-790.16012 27.13081 
-790.07760 26.88072 
-789.73787 26.79515 
-789.53426 26.43179 
-787.82111 27.43618 
-788.27231 27.43465 
-789.12376 27.83346 
-788.36361 27.27827 
-788.18872 27.15752 
-789.64636 27.95534 
-788.33755 27.84533 
-788.14925 27.99824 
-789.65107 28.23771 
-789.41931 28.41204 
-788.95609 27.93229 
-788.68485 28.43352 
-790.28987 28.08220 
-790.39125 28.24284 
-790.59873 28.79546 
-789.80088 28.65699 
-790.28472 28.52418 
-789.47905 29.20176 
-787.87785 28.84942 
-787.19073 28.79967 
-787.08685 28.73886 
-787.53369 28.64275 
-789.40132 28.09901 
-788.53006 27.74984 
-788.79688 27.54459 
-788.72291 27.86399 
-788.12716 27.93868 
-788.97033 27.82819 
-786.79694 27.89895 
-786.84377 27.92204 
-788.17210 28.40722 
-787.97983 28.32042 
-786.18851 28.55949 
-786.93133 27.96599 
-787.74428 28.58843 
-787.48161 27.97958 
-789.48697 27.86641 
-788.41571 27.92446 
-789.04065 27.89670 
-791.54647 27.96070 
-792.80409 27.38193 
-793.45052 27.10714 
-794.77324 27.21252 
-794.97008 27.58810 
-793.86800 26.89436 
-792.26033 27.10054 
-790.93690 26.92927 
-790.75966 26.99527 
-789.74114 27.78133 
-790.30468 28.19512 
-790.93419 27.86890 
-788.97926 27.63051 
-787.60110 27.90748 
-787.23172 27.63645 
-787.74032 27.92782 
-788.76622 27.21967 
-790.38241 26.99542 
-790.78058 26.32029 
-791.48314 26.85742 
-791.65931 27.00762 
-790.62298 27.10145 
-788.40410 26.81941 
-790.34193 26.48251 
-787.89159 26.12969 
-791.70958 26.29338 
-792.29342 25.54056 
-790.31396 24.71173 
-788.83801 24.34046 
-788.38577 24.38023 
-788.56166 24.59082 
-787.46162 24.31858 
-786.14999 24.68877 
-785.91401 25.39817 
-786.54851 25.81283 
-787.56414 25.95579 
-788.07891 26.21346 
-785.41265 26.33041 
-784.17151 26.23804 
-782.44326 26.90489 
-784.79826 27.00167 
-786.42432 27.02314 
-785.56369 26.23508 
-783.73258 26.22914 
-786.85381 25.91276 
-785.85874 26.04062 
-787.11425 26.43741 
-786.92893 26.66094 
-786.88165 27.02302 
-789.01698 26.57364 
-787.13222 26.49854 
-787.13605 26.31729 
-788.73766 26.40966 
-787.72324 26.44989 
-789.84100 26.45517 
-788.06557 26.21284 
-789.21693 25.67626 
-790.55176 25.84760 
-790.68132 25.88909 
-792.03806 25.88555 
-792.75725 25.99631 
-793.58542 26.05302 
-791.10893 26.50676 
-789.63694 26.90275 
-792.12957 26.17146 
-790.40214 26.33558 
-789.48538 26.99713 
-790.91353 26.21201 
-791.72828 26.04791 
-793.62278 25.80306 
-793.32642 26.11568 
-792.05473 25.80783 
-793.15008 26.20421 
-792.49745 25.45974 
-792.72325 25.57443 
-791.80978 26.11550 
-791.33757 27.32974 
-792.09503 27.86028 
-791.13448 27.11594 
-789.31728 27.33268 
-790.10671 27.51276 
-789.00398 27.08586 
-788.22133 26.75732 
-789.85178 27.03615 
-790.00579 27.27271 
-789.27428 27.54968 
-788.36375 27.49774 
-790.42795 27.49671 
-792.76554 27.56683 
-792.23621 27.09228 
-793.84420 26.88289 
-793.64055 27.03521 
-792.68123 27.26651 
-793.14585 27.82045 
-793.45611 27.99177 
-791.91891 27.61238 
-792.83865 26.92398 
-793.02069 26.52804 
-791.35709 26.51387 
-790.44506 26.65307 
-790.51985 26.70504 
-790.74083 26.36638 
-792.55931 26.54094 
-791.50354 26.10909 
-791.69294 26.25149 
-789.32189 26.78059 
-789.01977 27.02404 
-788.45048 27.46645 
-788.93162 27.45566 
-787.39930 27.28061 
-787.31296 26.97758 
-787.64576 27.30103 
-788.86427 27.03884 
-787.15386 26.53212 
-787.02300 26.53160 
-789.61103 25.81661 
-790.17472 25.94397 
-790.88490 26.76195 
-792.28287 26.39691 
-792.43075 26.61436 
-791.52505 26.25496 
-790.79990 26.44789 
-790.39089 26.23159 
-788.35507 26.44133 
-788.40183 26.97265 
-788.00044 27.32491 
-788.40429 27.62757 
-787.30192 27.55164 
-788.35783 28.30906 
-787.72257 28.27536 
-787.91148 28.04104 
-789.55711 27.83771 
-789.17875 27.75692 
-788.95053 27.42577 
-788.61222 27.29635 
-788.72078 27.69268 
-789.74884 27.86993 
-791.33722 28.00122 
-790.67094 28.20206 
-791.79825 28.04386 
-793.00591 28.64047 
-794.16876 28.02613 
-794.59455 28.17473 
-794.92922 28.02603 
-791.55468 28.43046 
-791.10801 27.94986 
-791.91970 27.71447 
-791.19745 27.25566 
-789.52550 27.89166 
-791.76738 27.59740 
-791.95373 27.52421 
-790.93926 26.74996 
-790.90158 26.37930 
-790.77884 25.49713 
-789.85242 25.64057 
-789.59342 25.84084 
-788.94190 25.60556 
-786.66068 26.24221 
-788.08466 25.73353 
-789.14971 25.89698 
-787.84476 26.42449 
-787.78998 26.37430 
-787.98172 26.49443 
-787.65010 26.39773 
-787.69358 25.43252 
-787.16667 25.71670 
-788.92099 25.91880 
-789.15966 26.30504 
-788.84213 26.43439 
-789.08066 26.88400 
-787.98854 27.12948 
-788.05583 27.01514 
-787.44876 26.64467 
-787.38260 27.43629 
-788.25803 27.04461 
-788.03341 26.79595 
-788.93821 26.50699 
-790.71349 25.82631 
-790.90520 25.68349 
-792.05530 25.30686 
-790.62368 25.39431 
-787.92834 25.11082 
-790.60438 24.96983 
-789.43515 24.86090 
-789.77125 24.85876 
-792.38589 24.99383 
-792.01986 25.43258 
-790.80933 25.85026 
-792.60438 25.45536 
-792.87068 25.13522 
-791.72708 25.65752 
-790.57466 25.83616 
-792.21621 25.69260 
-792.83505 26.32341 
-791.81963 26.08535 
-792.18347 25.99049 
-791.11835 26.09554 
-791.21620 26.37527 
-787.58797 26.87440 
-786.94407 26.88712 
-788.16650 27.01793 
-789.01168 26.70046 
-787.19063 27.03851 
-788.93211 27.11429 
-788.29932 27.61018 
-788.97670 27.58007 
-789.67301 27.01847 
-789.26646 26.94471 
-789.91164 26.95012 
-789.68715 27.08860 
-789.49465 27.02827 
-789.13611 26.94248 
-789.26258 26.33013 
-788.78862 26.23374 
-790.33864 25.89275 
-790.95023 25.64395 
-791.89670 25.26565 
-790.81454 25.68583 
-790.80587 26.22114 
-791.60302 26.27974 
-792.12595 25.90400 
-792.12718 26.10390 
-792.43360 26.09418 
-792.27243 26.22653 
-792.19446 26.58830 
-794.08227 26.73120 
-792.03295 27.03851 
-793.43807 26.82964 
-790.30655 26.31136 
-789.95347 26.67177 
-788.95836 26.60399 
-790.91477 26.50616 
-788.50116 27.73268 
-788.31844 27.68301 
-787.60990 28.03879 
-789.54608 27.97601 
-787.76528 28.09391 
-785.53632 28.92136 
-787.15234 28.69857 
-785.43179 28.45310 
-784.65400 28.66937 
-784.42847 29.04712 
-784.43017 28.78588 
-784.64592 29.28309 
-786.61736 29.12497 
-786.10048 29.10788 
-786.49004 29.30501 
-785.02220 29.20345 
-785.48559 29.74422 
-783.52011 29.32652 
-785.37326 29.10619 
-784.78377 29.13212 
-786.33771 28.77995 
-787.43420 28.38004 
-787.67981 27.47460 
-788.94906 27.70413 
-789.59973 27.87308 
-788.31177 27.73488 
-788.20642 28.17180 
-787.80545 27.89290 
-788.15446 27.77303 
-786.24461 27.93568 
-786.03939 27.94335 
-785.56561 27.74567 
-785.77028 27.50153 
-785.41291 27.43472 
-786.65798 27.95829 
-784.69233 27.53339 
-785.46589 27.67946 
-785.94754 27.57619 
-788.96951 27.56174 
-790.40422 28.19621 
-791.67079 28.12617 
-792.03441 28.11143 
-792.44037 28.11246 
-791.30435 28.06805 
-793.07142 28.10368 
-793.15986 28.17319 
-792.91855 27.94546 
-791.67797 27.94408 
-790.71285 27.29881 
-793.44343 27.58394 
-793.16643 27.45469 
-793.44579 27.29040 
-794.67646 27.47494 
-793.71640 27.49834 
-792.73054 27.96340 
-792.02934 27.75888 
-789.85938 27.78636 
-789.16295 27.84374 
-788.34064 27.23847 
-788.67043 27.48025 
-788.89140 27.81147 
-788.42283 28.35991 
-790.14735 28.60254 
-788.25790 29.07899 
-787.39850 29.31234 
-789.25235 29.07954 
-786.84841 29.07484 
-787.03238 29.43076 
-787.60826 29.56517 
-786.28889 29.23200 
-786.84540 29.24007 
-786.68738 29.25939 
-785.96205 28.63436 
-786.41190 28.88662 
-787.69686 29.21720 
-788.27401 29.38220 
-787.50436 29.47197 
-785.40266 30.20862 
-785.18996 29.73646 
-786.62048 30.28062 
-785.28710 30.46900 
-786.45270 30.73957 
-790.22857 30.60904 
-788.23755 30.82247 
-789.02383 30.51041 
-787.82925 30.71317 
-789.12042 30.33655 
-788.37185 30.62243 
-787.95653 30.11519 
-789.42592 29.60858 
-788.27396 29.33359 
-787.96410 28.96694 
-788.83450 29.07828 
-789.64021 28.83125 
-788.73895 28.81947 
-790.08973 29.09125 
-790.04737 29.12416 
-788.87136 29.82164 
-791.24376 29.57086 
-788.16744 29.09563 
-785.66052 29.87551 
-786.96427 30.09354 
-786.58312 30.42485 
-786.38543 30.39230 
-784.90387 29.63204 
-785.10648 28.65236 
-782.73541 28.66189 
-784.61700 28.54110 
-784.32538 28.60389 
-784.82387 29.15678 
-786.71165 29.42229 
-785.57617 29.65078 
-787.11569 29.33875 
-787.37876 29.82877 
-788.02985 30.36781 
-787.76678 30.49422 
-789.97213 30.04384 
-790.11911 29.90583 
-790.29157 30.21433 
-790.80005 30.22350 
-789.66601 29.92451 
-791.92150 29.73686 
-794.38138 28.63801 
-791.41413 27.97337 
-790.61281 28.07440 
-791.02217 28.37846 
-790.66199 29.04627 
-792.24669 29.09052 
-793.24943 28.56966 
-792.77177 28.62367 
-792.38755 27.86796 
-792.01749 27.87175 
-792.99300 28.03371 
-790.76425 28.06414 
-790.49762 28.16277 
-792.07889 27.53286 
-791.71243 27.89329 
-790.12412 28.11780 
-792.73716 27.96185 
-794.23882 28.32347 
-791.80460 28.63885 
-792.23738 28.12585 
-793.65915 28.29255 
-791.52235 28.86842 
-793.50395 28.35511 
-790.69517 28.51032 
-791.63321 28.62568 
-790.16918 29.22823 
-792.87933 28.10746 
-792.60644 28.39190 
-791.56162 27.94006 
-789.82576 28.27001 
-789.78238 28.75299 
-791.24545 27.99441 
-792.85305 27.84693 
-795.38160 27.19207 
-794.97588 27.25682 
-794.61292 27.24780 
-793.57872 26.85405 
-792.53374 27.17072 
-792.26565 27.38525 
-793.29479 27.31948 
-794.37825 27.07182 
-793.32318 27.38463 
-793.94949 27.65026 
-794.33214 28.07686 
-792.87925 27.72945 
-792.73390 27.58161 
-790.82184 27.58754 
-790.21041 27.69765 
-790.17617 27.14832 
-789.86769 27.03820 
-789.12642 26.70029 
-789.59744 26.71900 
-790.77892 26.68829 
-791.60083 26.29544 
-790.85869 26.77990 
-790.18086 26.77013 
-789.89533 26.86922 
-789.49119 26.11415 
-792.82071 26.17579 
-792.68012 26.21364 
-791.59163 26.91697 
-791.95020 26.75199 
-792.09505 26.98637 
-790.46097 26.08939 
-792.31501 25.50160 
-793.95595 25.65898 
-793.49430 25.80453 
-793.99120 25.83501 
-793.01996 25.89675 
-791.46872 25.55708 
-791.54306 25.64509 
-792.33898 26.25894 
-794.46957 25.98512 
-791.94229 25.77049 
-790.79911 25.60410 
-791.47355 25.62851 
-789.89332 25.42913 
-791.75724 24.73244 
-791.37375 24.78119 
-790.03065 24.37373 
-789.50986 24.87330 
-787.54877 25.28347 
-786.01383 25.53723 
-786.74105 25.99065 
-787.40363 26.27381 
-790.73199 26.42673 
-790.33849 26.00952 
-790.23321 25.58116 
-787.99457 25.49778 
-790.31608 25.82786 
-791.26603 25.63170 
-791.72040 25.92833 
-791.85437 26.34493 
-791.47787 26.48386 
-792.06743 26.45198 
-792.55081 26.44674 
-791.19749 26.66371 
-791.27209 26.62103 
-792.01199 27.14176 
-792.93965 27.37806 
-791.30892 27.42086 
