-777.19231 -1013.15817 232.53421 
-780.47420 -1011.78518 232.39614 
-781.70973 -1010.96292 232.32962 
-778.55235 -1008.36301 232.27575 
-779.40475 -1008.62388 232.26929 
-778.16243 -1006.43758 232.19270 
-778.64883 -1006.36820 232.17862 
-779.46788 -1006.02039 232.14392 
-778.15336 -1007.04898 232.22201 
-778.74777 -1009.06893 232.30503 
-779.59739 -1007.68576 232.22035 
-776.38025 -1006.17166 232.21950 
-776.58350 -1006.10720 232.21193 
-778.47876 -1008.65613 232.29133 
-779.17529 -1008.51975 232.26941 
-781.41315 -1007.64726 232.17830 
-779.34892 -1009.71090 232.32229 
-778.55558 -1008.54624 232.28440 
-778.28112 -1010.83723 232.39957 
-781.08149 -1014.06656 232.49133 
-778.15753 -1016.09418 232.65264 
-780.28832 -1017.31860 232.66375 
-778.98126 -1015.45062 232.60375 
-780.07494 -1015.47835 232.58085 
-782.29072 -1014.65121 232.49239 
-785.14034 -1015.60584 232.47473 
-784.96188 -1017.29573 232.55915 
-785.61351 -1018.30402 232.59273 
-781.73469 -1020.02133 232.76042 
-782.22916 -1020.77925 232.78556 
-782.52651 -1018.70660 232.68028 
-782.92241 -1019.03485 232.68714 
-782.45941 -1015.21560 232.51552 
-783.68703 -1012.88760 232.37748 
-782.66421 -1013.21787 232.41586 
-782.73158 -1015.01564 232.49997 
-783.48054 -1013.63973 232.41787 
-782.25222 -1010.39860 232.29073 
-782.00842 -1010.67123 232.30911 
-781.36730 -1011.46430 232.36108 
-780.45193 -1011.67469 232.39137 
-781.16779 -1012.44429 232.41217 
-780.60827 -1011.62682 232.38563 
-781.55450 -1013.10855 232.43523 
-781.33947 -1013.64314 232.46545 
-779.87949 -1011.18718 232.38084 
-779.44707 -1013.11494 232.48221 
-780.43981 -1014.11475 232.50783 
-781.01506 -1016.06796 232.58810 
-782.19641 -1016.48960 232.58202 
-783.49294 -1017.25807 232.58989 
-783.55727 -1014.89543 232.47596 
-782.87136 -1016.52650 232.56882 
-779.70549 -1015.20055 232.57580 
-777.83930 -1012.63351 232.49490 
-775.16705 -1012.52770 232.54904 
-773.94077 -1014.78591 232.68374 
-775.88710 -1017.41157 232.76566 
-777.68993 -1016.35979 232.67565 
-779.51408 -1017.57599 232.69316 
-779.89640 -1017.75422 232.69318 
-780.90350 -1019.09863 232.73489 
-779.74485 -1018.84444 232.74845 
-780.25336 -1019.35552 232.76152 
-777.95443 -1017.04639 232.70248 
-777.86632 -1017.94232 232.74710 
-778.88622 -1018.20080 232.73682 
-781.05536 -1018.29907 232.69345 
-780.12697 -1017.43679 232.67296 
-779.87555 -1019.54803 232.77906 
-778.36383 -1016.03946 232.64547 
-777.86610 -1014.08563 232.56345 
-778.86052 -1017.57645 232.70766 
-776.93264 -1017.00471 232.72313 
-777.48000 -1016.44786 232.68449 
-776.57047 -1014.87900 232.62993 
-779.93729 -1018.60218 232.73265 
-783.04204 -1020.17599 232.73883 
-780.98877 -1018.91410 232.72422 
-780.14899 -1018.43261 232.71989 
-777.57916 -1018.45594 232.77792 
-778.04190 -1015.90985 232.64643 
-776.75482 -1017.60030 232.75543 
-774.51090 -1014.23134 232.64470 
-777.57351 -1013.96544 232.56421 
-778.91136 -1012.95765 232.48659 
-779.37816 -1011.77887 232.42012 
-781.64283 -1014.44442 232.49689 
-782.43463 -1016.53168 232.57874 
-780.57599 -1016.13478 232.60101 
-779.66161 -1016.88712 232.65709 
-777.81709 -1016.85082 232.69621 
-780.67527 -1017.53859 232.66566 
-783.75431 -1015.66430 232.50821 
-782.87908 -1017.22148 232.60175 
-780.84971 -1017.20531 232.64593 
-783.23352 -1016.82751 232.57514 
-783.45673 -1016.45326 232.55237 
-785.14748 -1015.94310 232.49063 
-784.98732 -1016.25574 232.50907 
-784.52126 -1013.56955 232.39147 
-785.75672 -1015.26173 232.44469 
-784.73971 -1014.75082 232.44289 
-784.67723 -1016.87975 232.54565 
-782.07678 -1014.04734 232.46837 
-783.01195 -1016.18205 232.54931 
-782.59199 -1018.57432 232.67253 
-782.91405 -1018.34535 232.65449 
-779.74660 -1014.41405 232.53744 
-779.72165 -1015.09862 232.57059 
-776.86497 -1013.68769 232.56667 
-775.67242 -1013.21777 232.57071 
-775.53663 -1015.22102 232.66911 
-776.43342 -1016.25377 232.69843 
-776.28545 -1015.55313 232.66834 
-776.80994 -1018.06427 232.77630 
-780.62206 -1017.95257 232.68655 
-778.93164 -1015.58874 232.61143 
-780.75563 -1017.36487 232.65561 
-779.51975 -1018.60208 232.74189 
-782.90217 -1018.89254 232.68081 
-785.54969 -1019.81307 232.66601 
-784.30875 -1020.37438 232.72022 
-783.34399 -1019.86733 232.71744 
-781.52347 -1018.62382 232.69855 
-781.07645 -1019.32657 232.74192 
-778.66873 -1017.95252 232.72981 
-778.87937 -1017.17072 232.68792 
-778.44671 -1015.28539 232.60772 
-774.86574 -1013.47204 232.60069 
-776.40196 -1012.77913 232.53367 
-778.18563 -1012.66478 232.48871 
-777.05716 -1013.14150 232.53641 
-776.20308 -1013.81899 232.58759 
-775.91688 -1013.31699 232.57002 
-773.61126 -1012.34543 232.57482 
-774.66061 -1010.42529 232.46015 
-774.44361 -1010.33437 232.46062 
-776.46596 -1011.65553 232.47874 
-778.84415 -1013.40767 232.50951 
-780.99194 -1014.64015 232.52062 
-780.08186 -1016.17119 232.61369 
-780.03172 -1015.26487 232.57164 
-780.48936 -1015.76128 232.58514 
-779.80528 -1016.46614 232.63386 
-780.95545 -1016.17989 232.59475 
-782.65558 -1017.55248 232.62246 
-781.34354 -1017.16679 232.63315 
-780.67039 -1015.42956 232.56534 
-780.25665 -1015.42788 232.57442 
-778.21442 -1014.48201 232.57461 
-779.44554 -1015.78989 232.60962 
-778.21373 -1016.95827 232.69254 
-777.48938 -1016.73157 232.69779 
-778.98418 -1015.84276 232.62236 
-778.40696 -1014.20719 232.55726 
-781.21593 -1015.01523 232.53352 
-780.58006 -1015.13446 232.55329 
-782.19556 -1015.11740 232.51669 
-782.89499 -1013.71615 232.43448 
-780.09692 -1012.37083 232.43238 
-779.12161 -1012.59157 232.46450 
-779.38780 -1012.69478 232.46352 
-779.47345 -1011.70224 232.41436 
-777.78122 -1012.62659 232.49585 
-779.31802 -1014.09226 232.53161 
-777.59458 -1013.28617 232.53140 
-779.13490 -1015.42226 232.59900 
-776.06316 -1013.94658 232.59676 
-776.18145 -1015.18097 232.65292 
-776.95737 -1017.38727 232.74080 
-778.09398 -1017.49280 232.72065 
-777.56664 -1015.94802 232.65877 
-778.42760 -1019.83465 232.82478 
-779.74473 -1021.91615 232.89472 
-778.80492 -1021.06889 232.87519 
-781.44326 -1020.33462 232.78179 
-781.10946 -1018.61656 232.70737 
-782.12592 -1022.17407 232.85427 
-781.47007 -1022.71141 232.89438 
-781.14366 -1019.92804 232.76907 
-779.74923 -1018.92899 232.75238 
-776.36486 -1015.60250 232.66893 
-775.92116 -1015.49518 232.67365 
-779.03513 -1017.53442 232.70179 
-779.67159 -1019.29423 232.77149 
-780.68786 -1017.60533 232.66856 
-780.54645 -1015.31714 232.56273 
-781.68161 -1017.46007 232.63963 
-777.79142 -1017.52698 232.72898 
-780.60770 -1017.07747 232.64520 
-780.78789 -1014.19326 232.50386 
-779.22330 -1013.46603 232.50389 
-777.93111 -1013.05176 232.51278 
-779.92675 -1013.34532 232.48256 
-781.17369 -1015.57774 232.56125 
-784.45574 -1016.66217 232.54019 
-784.55183 -1014.94537 232.45631 
-780.39334 -1013.96876 232.50191 
-780.71312 -1013.84453 232.48891 
-781.16912 -1015.25443 232.54595 
-780.30894 -1016.21541 232.61076 
-778.52774 -1018.09068 232.73951 
-778.94338 -1019.72851 232.80830 
-778.55961 -1018.44597 232.75573 
-777.19810 -1019.96654 232.85829 
-774.51825 -1018.57619 232.85144 
-774.56860 -1016.77803 232.76469 
-776.52855 -1020.08681 232.87885 
-777.39199 -1019.03447 232.80961 
-774.82089 -1019.41146 232.88451 
-777.27362 -1019.72448 232.84509 
-777.58386 -1020.61371 232.88056 
-778.12668 -1020.79994 232.87741 
-781.65093 -1020.98705 232.80826 
-782.61991 -1021.33971 232.80359 
-783.32321 -1020.82747 232.76363 
-780.51368 -1021.67542 232.86623 
-779.03611 -1020.22208 232.82975 
-780.29351 -1018.94486 232.74108 
-779.58215 -1017.79545 232.70210 
-779.67981 -1017.97978 232.70872 
-777.46625 -1016.43650 232.68425 
-779.23021 -1015.08360 232.58076 
-779.56910 -1016.81033 232.65548 
-780.74448 -1017.65861 232.66984 
-782.23043 -1018.68939 232.68601 
-780.88276 -1019.00731 232.73100 
-782.49636 -1020.60508 232.77135 
-782.84269 -1022.59599 232.85848 
-782.20127 -1022.01197 232.84488 
-782.79630 -1020.67259 232.76792 
-783.71290 -1019.79931 232.70603 
-781.95451 -1018.12503 232.66525 
-780.98510 -1020.73681 232.81109 
-782.08526 -1024.04246 232.94414 
-780.26542 -1024.94505 233.02743 
-778.06272 -1024.50453 233.05523 
-777.06377 -1025.61398 233.13019 
-777.53137 -1022.30050 232.96205 
-773.83770 -1022.17468 233.03787 
-773.79336 -1023.26844 233.09093 
-777.67358 -1024.33064 233.05557 
-778.52107 -1022.59739 232.95427 
-779.15704 -1022.74716 232.94731 
-778.65917 -1021.20186 232.88475 
-778.47399 -1022.68227 232.95935 
-778.66367 -1024.52096 233.04271 
-777.97503 -1026.28271 233.14185 
-776.16306 -1029.08701 233.31552 
-776.25289 -1027.90984 233.25748 
-773.34326 -1026.36424 233.24832 
-776.29250 -1026.96482 233.21160 
-777.59152 -1026.48193 233.15983 
-777.08351 -1025.57320 233.12781 
-778.76744 -1026.66689 233.14260 
-779.63024 -1026.76884 233.12834 
-776.45022 -1024.05909 233.06974 
-775.40445 -1024.24915 233.10195 
-774.74279 -1021.28450 232.97543 
-773.47290 -1022.44375 233.05876 
-776.71492 -1027.16753 233.21190 
-776.27118 -1027.89659 233.25644 
-774.38507 -1026.88076 233.24984 
-776.15840 -1025.45773 233.14280 
-776.94615 -1025.79660 233.14149 
-776.98411 -1027.26142 233.21040 
-776.21948 -1025.75772 233.15573 
-776.07478 -1024.28463 233.08879 
-776.45005 -1024.97478 233.11334 
-773.55150 -1026.13398 233.23274 
-773.73437 -1027.24083 233.28140 
-774.34198 -1024.95666 233.15917 
-775.29188 -1024.50032 233.11640 
-772.73695 -1022.21374 233.06411 
-770.34939 -1023.02366 233.15555 
-773.06788 -1024.25928 233.15418 
-772.13264 -1021.71010 233.05351 
-774.01930 -1025.76851 233.20498 
-774.11875 -1024.58477 233.14641 
-770.32063 -1022.54412 233.13336 
-770.80577 -1021.96600 233.09508 
-769.41845 -1022.12764 233.13351 
-768.98139 -1023.91345 233.22822 
-771.43156 -1026.95761 233.31892 
-773.71159 -1027.61628 233.29978 
-772.20682 -1028.21477 233.36161 
-776.29482 -1030.92159 233.39997 
-777.87081 -1029.07150 233.27696 
-776.16823 -1027.97117 233.26227 
-774.99750 -1027.66251 233.27350 
-776.62162 -1028.83633 233.29343 
-775.50749 -1027.41583 233.25046 
-777.61825 -1029.71432 233.31316 
-775.87675 -1028.10337 233.27502 
-776.27198 -1027.54546 233.23970 
-778.23582 -1027.09819 233.17491 
-776.39059 -1026.17902 233.17201 
-771.82335 -1027.19087 233.32135 
-773.19914 -1028.65848 233.36076 
-772.33270 -1027.79172 233.33868 
-774.86856 -1028.81270 233.33113 
-775.15345 -1028.76502 233.32255 
-770.32601 -1026.21349 233.30797 
-770.06588 -1025.01403 233.25661 
-771.46037 -1026.61455 233.30194 
-772.66696 -1025.25966 233.21070 
-774.36313 -1026.13400 233.21477 
-772.66723 -1025.07588 233.20194 
-771.20458 -1026.00519 233.27859 
-770.47275 -1026.04621 233.29675 
-772.88034 -1026.90133 233.28415 
-770.81860 -1025.05127 233.24172 
-770.57975 -1026.15427 233.29953 
-771.11382 -1026.65605 233.31159 
-772.85086 -1024.49811 233.17036 
-772.18122 -1025.22881 233.21999 
-771.47311 -1023.54973 233.15572 
-770.47245 -1023.44523 233.17290 
-769.32781 -1020.56046 233.06089 
-771.54178 -1021.70969 233.06658 
-774.47851 -1022.20227 233.02499 
-775.20026 -1021.20870 232.96169 
-775.65645 -1022.51536 233.01381 
-776.83680 -1022.73279 232.99802 
-776.91243 -1022.76871 232.99805 
-774.56617 -1019.79830 232.90857 
-773.02322 -1016.76472 232.79829 
-773.13853 -1016.75539 232.79529 
-773.33627 -1016.91291 232.79841 
-775.55755 -1016.01789 232.70659 
-774.85529 -1016.57549 232.74870 
-773.91363 -1017.49521 232.81335 
-775.03487 -1017.04740 232.76719 
-773.60716 -1016.36011 232.76609 
-775.08179 -1014.79752 232.65902 
-778.10359 -1017.61274 232.72615 
-775.80796 -1020.47576 232.91333 
-775.08177 -1023.30673 233.06422 
-773.64719 -1021.21378 232.99633 
-772.96889 -1019.60853 232.93491 
-771.20704 -1020.18827 233.00154 
-769.73887 -1019.08934 232.98173 
-772.65318 -1019.20642 232.92276 
-773.82852 -1021.51096 233.00646 
-773.14902 -1020.36594 232.96699 
-773.12164 -1020.28628 232.96380 
-774.91774 -1022.39236 233.02431 
-773.87547 -1020.02653 232.93474 
-772.02193 -1023.52368 233.14232 
-770.46578 -1021.27318 233.06962 
-768.94883 -1021.80384 233.12849 
-769.79683 -1020.86325 233.06492 
-770.60443 -1020.70334 233.03941 
-770.54824 -1019.11315 232.96494 
-771.15072 -1018.24320 232.91017 
-771.96908 -1016.91509 232.82880 
-770.51345 -1015.08250 232.77377 
-772.55308 -1019.49361 232.93865 
-773.61290 -1017.55240 232.82274 
-773.85704 -1018.18557 232.84748 
-772.62850 -1020.05757 232.96383 
-772.97025 -1022.37528 233.06663 
-770.18343 -1023.81546 233.19693 
-770.32146 -1022.86354 233.14855 
-768.64672 -1022.56422 233.17139 
-769.66762 -1019.91242 233.02250 
-771.22222 -1019.47858 232.96741 
-771.64490 -1020.42692 233.00321 
-773.79871 -1021.54928 233.00895 
-770.39568 -1019.99904 233.01050 
-773.84722 -1021.66601 233.01343 
-773.79968 -1023.40400 233.09725 
-775.36181 -1023.63149 233.07348 
-775.28643 -1025.99863 233.18787 
-775.13426 -1025.54966 233.16986 
-776.12688 -1024.27866 233.08735 
-777.54511 -1025.59351 233.11855 
-777.35432 -1024.96975 233.09308 
-776.29644 -1024.36117 233.08753 
-773.78930 -1026.50369 233.24508 
-772.07581 -1025.82870 233.25089 
-771.88660 -1021.60868 233.05413 
-768.68168 -1020.47179 233.07097 
-771.05391 -1022.21008 233.10121 
-775.94092 -1024.07728 233.08188 
-773.49697 -1022.40736 233.05649 
-773.20576 -1023.05738 233.09390 
-772.60262 -1022.84400 233.09709 
-770.26772 -1023.37576 233.17413 
-768.28976 -1021.54878 233.13094 
-768.84034 -1019.83088 233.03694 
-766.39587 -1018.46171 233.02588 
-770.22399 -1017.57947 232.89908 
-771.63823 -1017.15899 232.84774 
-772.46053 -1018.09888 232.87428 
-773.76997 -1017.72030 232.82725 
-772.74805 -1018.16833 232.87122 
-775.14246 -1019.29620 232.87190 
-778.24803 -1021.16481 232.89210 
-779.64045 -1023.72519 232.98318 
-778.72636 -1023.73484 233.00388 
-776.76565 -1020.96638 232.91548 
-777.77221 -1021.20572 232.90458 
-779.72110 -1022.66141 232.93074 
-781.54389 -1024.84379 232.99429 
-779.98416 -1024.91572 233.03226 
-777.89138 -1025.79697 233.12057 
-778.59054 -1027.16562 233.17026 
-778.00235 -1027.76759 233.21196 
-777.37191 -1026.35674 233.15874 
-775.25512 -1026.37406 233.20644 
-773.57982 -1025.09181 233.18249 
-774.84985 -1025.86779 233.19131 
-773.78632 -1023.99088 233.12549 
-776.35707 -1023.40835 233.04081 
-775.16111 -1022.95071 233.04551 
-775.82105 -1022.54368 233.01151 
-775.25267 -1020.33540 232.91894 
-776.28789 -1019.68919 232.86524 
-775.94901 -1019.62896 232.86988 
-775.70787 -1023.17004 233.04384 
-773.68944 -1020.52338 232.96252 
-775.19010 -1021.98878 232.99906 
-772.59679 -1020.42773 232.98216 
-770.21208 -1017.83492 232.91151 
-769.89796 -1018.40976 232.94584 
-771.12487 -1019.74064 232.98204 
-775.57827 -1023.15769 233.04613 
-776.50204 -1020.73472 232.91029 
-778.45689 -1021.86731 232.92092 
-778.07716 -1022.24067 232.94711 
-776.97240 -1020.58519 232.89275 
-778.10138 -1019.89573 232.83491 
-775.92471 -1019.04095 232.84242 
-775.99522 -1018.91909 232.83505 
-777.35598 -1021.07845 232.90774 
-776.18634 -1022.54912 233.00368 
-776.83736 -1020.87954 232.90976 
-775.15108 -1021.49178 232.97626 
-778.38021 -1022.80647 232.96734 
-778.63451 -1023.12006 232.97664 
-777.01693 -1024.53349 233.07978 
-776.76367 -1023.94024 233.05714 
-775.62426 -1020.40170 232.91387 
-776.42832 -1021.71822 232.95875 
-775.61380 -1023.18846 233.04680 
-774.50890 -1024.48887 233.13320 
-772.27408 -1023.93953 233.15654 
-773.90410 -1022.59980 233.05664 
-774.49881 -1020.74541 232.95516 
-774.99487 -1022.95816 233.04955 
-774.75740 -1021.61320 232.99076 
-773.99855 -1023.44680 233.09488 
-774.19129 -1025.84079 233.20461 
-778.08208 -1023.77200 233.01992 
-780.39690 -1024.51146 233.00387 
-779.55546 -1023.21492 232.96076 
-775.66199 -1021.42430 232.96173 
-777.89248 -1022.14302 232.94655 
-778.42807 -1021.85924 232.92118 
-778.95807 -1021.45278 232.89008 
-780.15029 -1022.32215 232.90508 
-780.58202 -1022.03816 232.88199 
-780.85106 -1022.74301 232.90960 
-780.36285 -1020.78249 232.82705 
-779.30471 -1020.35143 232.82996 
-778.85188 -1020.10601 232.82830 
-775.97395 -1017.54869 232.77027 
-777.16932 -1018.89353 232.80783 
-776.98549 -1020.93869 232.90929 
-777.46169 -1020.12694 232.86009 
-776.42631 -1020.96568 232.92296 
-778.41336 -1022.76649 232.96470 
-778.46575 -1021.55118 232.90567 
-778.28496 -1021.69824 232.91668 
-776.18131 -1021.15107 232.93722 
-775.43246 -1020.84950 232.93944 
-773.81972 -1019.23004 232.89804 
-774.23655 -1020.82213 232.96463 
-773.09650 -1020.19870 232.96019 
-773.99013 -1019.76701 232.91984 
-779.85840 -1019.93523 232.79788 
-778.72422 -1020.36390 232.84341 
-779.26933 -1021.10107 232.86644 
-777.45382 -1019.06131 232.80952 
-778.68485 -1018.55862 232.75832 
-778.96453 -1018.00807 232.72591 
-776.32715 -1015.34706 232.65760 
-775.30580 -1013.57275 232.59573 
-775.80721 -1013.18641 232.56623 
-779.40792 -1017.51559 232.69263 
-780.95338 -1018.07576 232.68508 
-777.75373 -1017.06240 232.70769 
-774.72866 -1016.19354 232.73332 
-775.95697 -1017.36874 232.76207 
-777.65158 -1019.15660 232.80968 
-779.54242 -1018.54543 232.73869 
-779.75936 -1016.02456 232.61385 
-777.00226 -1017.29093 232.73522 
-779.65451 -1019.21061 232.76789 
-778.69894 -1021.71668 232.90839 
-777.96314 -1020.52955 232.86816 
-776.55296 -1016.83351 232.72339 
-777.51158 -1017.43471 232.73078 
-778.60923 -1020.89413 232.87121 
-775.64319 -1018.75373 232.83498 
-776.29324 -1018.55985 232.81135 
-774.12386 -1019.23242 232.89142 
-775.99887 -1017.20103 232.75316 
-776.46663 -1020.80086 232.91422 
-775.00663 -1018.99842 232.86073 
-772.34363 -1020.79716 233.00536 
-773.06442 -1019.33144 232.91960 
-771.88455 -1019.41372 232.94965 
-773.95234 -1017.02495 232.79010 
-773.83194 -1017.61861 232.82104 
-775.06502 -1017.56962 232.79139 
-774.40706 -1017.15163 232.78606 
-774.35641 -1020.46583 232.94500 
-778.19895 -1020.77174 232.87446 
-780.35989 -1022.07638 232.88873 
-779.36303 -1024.16706 233.01036 
-781.43220 -1025.08975 233.00847 
-778.65368 -1024.10323 233.02304 
-780.28263 -1024.47849 233.00483 
-781.07593 -1024.39390 232.98323 
-779.40257 -1025.10141 233.05398 
-777.93933 -1025.73445 233.11653 
-775.53189 -1022.53344 233.01743 
-774.26402 -1021.35980 232.98962 
-774.24935 -1019.56358 232.90441 
-775.28261 -1021.96638 232.99595 
-773.43128 -1022.34081 233.05478 
-769.70233 -1022.42142 233.14121 
-772.17296 -1023.59714 233.14247 
-771.37127 -1024.86101 233.22041 
-770.02969 -1022.25633 233.12610 
-771.44761 -1022.28498 233.09606 
-773.33924 -1022.88807 233.08288 
-774.21834 -1023.21216 233.07884 
-773.27740 -1024.31626 233.15226 
-774.37431 -1023.73224 233.10015 
-771.54523 -1021.22851 233.04359 
-769.88686 -1021.83020 233.10897 
-773.05769 -1021.98707 233.04621 
-773.73512 -1023.30766 233.09409 
-772.95934 -1023.75444 233.13255 
-771.62850 -1022.26162 233.09094 
-770.46105 -1022.98069 233.15104 
-770.86804 -1020.29549 233.01415 
-774.38643 -1023.20628 233.07484 
-772.35447 -1020.95885 233.01282 
-771.71025 -1021.25090 233.04100 
-770.46369 -1020.10888 233.01422 
-772.70655 -1023.81215 233.14089 
-775.52514 -1022.98310 233.03899 
-774.20308 -1022.02936 233.02285 
-772.58069 -1021.99463 233.05713 
-769.78771 -1023.53260 233.19223 
-772.33819 -1022.43363 233.08341 
-774.32899 -1025.92786 233.20571 
-775.24929 -1024.92927 233.13777 
-774.82699 -1023.99292 233.10254 
-774.88682 -1024.11197 233.10688 
-774.98665 -1026.61309 233.22377 
-778.40829 -1024.67387 233.05564 
-780.01318 -1023.59646 232.96879 
-781.33925 -1025.45458 233.02791 
-780.92991 -1026.13083 233.06917 
-781.40539 -1025.51381 233.02926 
-780.39484 -1026.99033 233.12195 
-782.58864 -1024.18351 232.93971 
-780.99974 -1024.04407 232.96826 
-780.94112 -1022.40817 232.89166 
-782.37018 -1021.56947 232.82007 
-781.67175 -1021.77198 232.84518 
-780.01993 -1022.08711 232.89677 
-779.53425 -1022.24131 232.91487 
-778.32530 -1021.00558 232.88280 
-779.91007 -1019.16823 232.76021 
-779.16649 -1019.67017 232.80058 
-776.16797 -1018.80971 232.82602 
-772.58657 -1017.79434 232.85699 
-773.56882 -1020.19902 232.94974 
-774.13193 -1020.27678 232.94097 
-776.39228 -1019.07704 232.83378 
-775.20255 -1018.95433 232.85429 
-775.45744 -1018.29385 232.81719 
-775.10531 -1021.81895 232.99285 
-776.18490 -1019.77856 232.87178 
-777.29494 -1020.92575 232.90182 
-777.73967 -1020.49673 232.87154 
-780.75488 -1021.72339 232.86317 
-783.81437 -1022.19782 232.81800 
-782.51581 -1022.66971 232.86923 
-781.13980 -1024.10413 232.96802 
-779.31449 -1022.38273 232.92647 
-776.24477 -1022.25421 232.98834 
-776.50917 -1023.78641 233.05545 
-776.26208 -1021.01764 232.92907 
-776.76716 -1023.19741 233.02169 
-775.72882 -1029.40615 233.34034 
-777.55677 -1028.38523 233.25124 
-777.26957 -1026.55750 233.17056 
-778.11369 -1024.97747 233.07663 
-777.40556 -1025.26363 233.10594 
-779.40550 -1026.59990 233.12527 
-777.52349 -1025.28982 233.10457 
-773.01817 -1026.12852 233.24430 
-773.38517 -1022.86191 233.08061 
-770.49297 -1020.64321 233.03902 
-773.68841 -1021.03035 232.98668 
-771.87582 -1020.78375 233.01508 
-772.94405 -1021.99675 233.04919 
-774.98131 -1024.20881 233.10940 
-775.75341 -1026.63635 233.20790 
-776.41088 -1028.63611 233.28856 
-773.65550 -1026.74066 233.25933 
-774.44940 -1026.09406 233.21096 
-772.69954 -1026.18744 233.25416 
-773.02520 -1027.01259 233.28624 
-775.97066 -1026.28543 233.18638 
-774.46796 -1024.11715 233.11641 
-774.79373 -1022.68669 233.04107 
-773.62021 -1021.63304 233.01689 
-773.02146 -1021.10886 233.00519 
-772.39399 -1021.82547 233.05321 
-771.63843 -1019.94111 232.98022 
-768.92069 -1018.10898 232.95317 
-770.27105 -1017.25363 232.88253 
-768.29639 -1016.38257 232.88478 
-769.68078 -1017.08590 232.88761 
-772.69470 -1018.76758 232.90094 
-770.86571 -1016.51285 232.83408 
-773.72311 -1020.99343 232.98415 
-773.62129 -1018.28533 232.85745 
-775.11273 -1017.43941 232.78414 
-772.09840 -1018.45792 232.89940 
-773.92698 -1019.37918 232.90277 
-772.90964 -1019.30742 232.92189 
-769.86073 -1017.37729 232.89750 
-771.33674 -1016.74654 232.83478 
-772.66962 -1016.76045 232.80592 
-770.59708 -1016.16490 232.82346 
-770.99375 -1015.04703 232.76144 
-771.59727 -1014.35719 232.71523 
-774.53035 -1015.82117 232.71998 
-775.53562 -1018.15819 232.80900 
-775.60103 -1017.57036 232.77956 
-775.00122 -1016.15880 232.72563 
-773.82412 -1015.03342 232.69811 
-774.48594 -1017.19225 232.78625 
-777.29853 -1019.45332 232.83163 
-776.57178 -1015.82091 232.67475 
-775.16237 -1016.51374 232.73896 
-778.59524 -1019.52704 232.80642 
-775.27937 -1021.17005 232.95810 
-777.37244 -1022.78847 232.98881 
-778.05771 -1021.73242 232.92334 
-775.48531 -1020.38813 232.91630 
-773.13338 -1020.16262 232.95765 
-772.53064 -1020.67491 232.99540 
-772.74443 -1019.13239 232.91721 
-772.47810 -1019.28524 232.93039 
-771.64223 -1019.92041 232.97915 
-773.47695 -1021.29346 233.00389 
-776.58193 -1022.11472 232.97423 
-775.65814 -1022.51519 233.01376 
-773.08537 -1024.31945 233.15666 
-772.02168 -1025.24722 233.22440 
-770.35286 -1023.20971 233.16434 
-769.39229 -1022.46529 233.15016 
-770.42567 -1022.76087 233.14135 
-773.63777 -1023.28240 233.09504 
-772.20592 -1020.59842 232.99895 
-771.29199 -1020.55945 233.01733 
-772.42312 -1020.44470 232.98682 
-774.08487 -1020.73586 232.96388 
-774.33654 -1022.04077 233.02044 
-777.58363 -1023.73303 233.02911 
-775.64626 -1022.28150 233.00290 
-775.17006 -1020.73877 232.93998 
-773.65972 -1018.65071 232.87400 
-772.71088 -1019.03887 232.91350 
-774.34058 -1018.00579 232.82821 
-774.63926 -1018.61394 232.85055 
-773.65217 -1017.59951 232.82411 
-773.00371 -1018.22831 232.86842 
-771.77120 -1018.57798 232.91236 
-771.12256 -1020.17045 233.00256 
-770.71955 -1021.00587 233.05127 
-768.50921 -1018.82067 232.99617 
-769.69608 -1021.30461 233.08816 
-769.70878 -1020.97732 233.07230 
-767.32508 -1022.04336 233.17586 
-768.77636 -1021.96089 233.13979 
-768.47693 -1019.97758 233.05198 
-766.84605 -1022.85966 233.22534 
-766.84281 -1022.98667 233.23146 
-769.27825 -1025.20646 233.28322 
-768.91524 -1024.73567 233.26884 
-769.78150 -1023.52197 233.19186 
-766.94616 -1020.82669 233.12631 
-765.55701 -1024.47819 233.33096 
-765.19885 -1023.13850 233.27510 
-767.74859 -1023.02114 233.21304 
-769.21170 -1022.20954 233.14199 
-769.38769 -1021.28912 233.09426 
-767.07421 -1021.93607 233.17630 
-767.97256 -1022.53226 233.18480 
-762.80894 -1020.90443 233.22165 
-762.62410 -1022.66511 233.30958 
-765.52460 -1021.17764 233.17451 
-765.71241 -1021.83229 233.20152 
-767.18287 -1020.84277 233.12184 
-767.04670 -1018.21145 232.99955 
-767.40275 -1018.59551 233.00995 
-765.68992 -1016.07522 232.92788 
-764.65978 -1017.01227 232.99531 
-762.26352 -1017.32619 233.06334 
-762.20610 -1015.98352 233.00067 
-766.92517 -1014.65745 232.83300 
-764.52267 -1014.88837 232.89721 
-763.06025 -1017.47604 233.05283 
-762.41360 -1018.79617 233.13001 
-763.19773 -1020.42860 233.19038 
-764.59878 -1019.24694 233.10308 
-765.95924 -1017.97802 233.01252 
-765.54317 -1018.02437 233.02394 
-766.31931 -1018.49960 233.02938 
-767.49383 -1019.91730 233.07088 
-769.85759 -1019.68126 233.00729 
-768.56426 -1019.62131 233.03308 
-767.76639 -1018.38858 232.99205 
-769.31351 -1018.03958 232.94116 
-769.30115 -1017.33402 232.90784 
-770.85331 -1015.49445 232.78586 
-772.93638 -1018.55378 232.88541 
-774.25235 -1018.91015 232.87323 
-774.73186 -1015.12002 232.68213 
-773.54179 -1016.49638 232.77403 
-771.20434 -1017.62217 232.87940 
-772.05600 -1020.58961 233.00185 
-770.00224 -1020.40355 233.03848 
-769.02261 -1021.48473 233.11166 
-767.53714 -1020.05391 233.07642 
-769.55592 -1019.20420 232.99125 
-771.33847 -1019.37241 232.95978 
-772.04300 -1019.18826 232.93541 
-772.25827 -1019.66561 232.95337 
-771.63103 -1021.12994 233.03699 
-769.67000 -1025.11366 233.27013 
-770.32635 -1026.36632 233.31524 
-764.98592 -1022.71135 233.25947 
-766.20998 -1024.94199 233.33858 
-766.41379 -1022.75458 233.22991 
-767.08968 -1025.16557 233.32975 
-769.32672 -1025.56397 233.29917 
-768.18024 -1026.02995 233.34675 
-767.72934 -1026.05263 233.35782 
-767.78507 -1025.75719 233.34252 
-768.52641 -1024.79581 233.28032 
-767.67816 -1024.03583 233.26292 
-769.79655 -1021.72690 233.10605 
-771.43266 -1022.03882 233.08466 
-771.57420 -1022.48616 233.10283 
-772.85179 -1026.36852 233.25941 
-773.08741 -1026.29289 233.25059 
-771.11150 -1023.51629 233.16213 
-771.70965 -1025.50114 233.24340 
-770.43684 -1023.66031 233.18393 
-769.76693 -1023.98116 233.21405 
-769.23088 -1022.64484 233.16229 
-769.01470 -1022.85057 233.17687 
-767.04837 -1022.29719 233.19407 
-767.51899 -1020.19475 233.08353 
-770.42517 -1020.12756 233.01597 
-770.34362 -1019.94526 233.00909 
-772.87155 -1020.23203 232.96676 
-774.74878 -1020.88052 232.95606 
-773.79537 -1021.54148 233.00865 
-774.33965 -1020.05073 232.92561 
-773.41600 -1018.20505 232.85818 
-774.75143 -1018.95785 232.86445 
-772.87055 -1019.84380 232.94829 
-776.35702 -1024.95931 233.11467 
-776.51334 -1023.39623 233.03677 
-773.60761 -1022.88951 233.07700 
-774.89849 -1022.41944 233.02603 
-775.75467 -1022.93653 233.03169 
-777.34612 -1024.40365 233.06630 
-777.82277 -1021.58866 232.92170 
-776.24925 -1021.00124 232.92858 
-777.62856 -1021.72230 232.93236 
-775.99091 -1023.99881 233.07704 
-776.81925 -1021.98971 232.96302 
-776.31888 -1022.86852 233.01595 
-776.30477 -1022.89649 233.01760 
-774.96199 -1025.81141 233.18614 
-772.36714 -1026.05192 233.25507 
-770.64313 -1023.28633 233.16156 
-771.02924 -1024.07000 233.19032 
-770.12931 -1024.11316 233.21231 
-772.84644 -1025.45855 233.21620 
-774.62617 -1026.34989 233.21922 
-773.55124 -1024.65307 233.16223 
-772.70016 -1020.52755 232.98463 
-771.43831 -1023.69442 233.16338 
-771.66730 -1024.76360 233.20922 
-769.90112 -1023.55213 233.19065 
-769.90017 -1025.71194 233.29352 
-766.75926 -1024.38046 233.29968 
-766.41392 -1025.02544 233.33804 
-768.42044 -1027.18943 233.39665 
-768.58360 -1026.01055 233.33690 
-769.90952 -1025.75376 233.29530 
-770.96589 -1026.15681 233.29110 
-772.19481 -1026.95144 233.30172 
-773.96238 -1026.82440 233.25652 
-774.22085 -1026.78679 233.24900 
-775.36576 -1023.87988 233.08522 
-774.87030 -1023.56300 233.08111 
-773.49483 -1026.12333 233.23349 
-777.40803 -1028.61209 233.26533 
-774.91795 -1027.06927 233.24702 
-772.17402 -1027.99201 233.35173 
-774.53857 -1028.38123 233.31789 
-774.17712 -1030.09560 233.40754 
-769.18498 -1027.36170 233.38792 
-770.70573 -1026.48013 233.31226 
-767.27047 -1023.83844 233.26255 
-768.60128 -1025.11703 233.29396 
-769.96183 -1022.13493 233.12182 
-769.61288 -1020.46799 233.05017 
-771.96768 -1022.59223 233.09917 
-770.80265 -1022.04160 233.09875 
-769.90047 -1024.52491 233.23699 
-768.35803 -1021.15807 233.11082 
-768.30475 -1022.58671 233.18003 
-767.28435 -1023.34016 233.23851 
-767.93925 -1019.68873 233.05013 
-769.17368 -1019.90161 233.03293 
-769.79580 -1020.13366 233.03020 
-769.91072 -1019.91138 233.01707 
-771.60930 -1020.02578 232.98489 
-770.71056 -1019.57004 232.98310 
-772.62343 -1021.04243 233.01084 
-773.30673 -1021.10637 232.99875 
-775.80889 -1020.67426 232.92276 
-775.37037 -1020.55730 232.92690 
-775.15531 -1020.25704 232.91737 
-773.54203 -1021.23750 232.99979 
-774.82157 -1021.30325 232.97458 
-774.41109 -1021.96398 233.01513 
-773.92476 -1022.32175 233.04294 
-772.94850 -1021.52207 233.02648 
-775.49048 -1023.65921 233.07195 
-774.03815 -1021.18629 232.98636 
-775.67160 -1026.92715 233.22356 
-776.17182 -1026.53950 233.19402 
-776.83995 -1027.20130 233.21073 
-775.94033 -1025.09542 233.13038 
-773.22058 -1025.15042 233.19324 
-775.05082 -1022.80665 233.04109 
-771.74939 -1020.59682 233.00898 
-773.01063 -1021.54087 233.02600 
-771.51533 -1021.68930 233.06619 
-772.08675 -1018.55956 232.90450 
-773.11200 -1019.95745 232.94836 
-773.57147 -1018.51343 232.86942 
-771.77341 -1017.56381 232.86402 
-770.71995 -1016.87793 232.85469 
-772.09370 -1018.13085 232.88393 
-770.32602 -1015.69914 232.80729 
-772.37400 -1015.98073 232.77534 
-771.08465 -1015.70759 232.79089 
-772.53857 -1017.17745 232.82868 
-771.89058 -1016.54227 232.81278 
-772.79302 -1017.10931 232.81980 
-772.64271 -1019.75847 232.94928 
-770.83831 -1017.35551 232.87481 
-771.08554 -1018.73703 232.93513 
-769.14269 -1018.44686 232.96434 
-772.49907 -1020.00456 232.96418 
-772.27333 -1022.02300 233.06529 
-772.75395 -1017.65528 232.84666 
-770.40767 -1017.26811 232.88019 
-771.82136 -1018.22251 232.89433 
-769.77284 -1017.27806 232.89472 
-772.30977 -1019.49856 232.94427 
-772.64760 -1020.22232 232.97126 
-772.19390 -1020.62703 233.00058 
-774.41090 -1022.74745 233.05245 
-775.88807 -1023.33885 233.04789 
-776.38510 -1023.81548 233.05958 
-773.43169 -1021.83451 233.03066 
-771.64031 -1022.55922 233.10485 
-773.91053 -1024.33964 233.13935 
-773.04512 -1024.23655 233.15361 
-775.30766 -1025.51733 233.16448 
-776.13053 -1025.33346 233.13750 
-775.70963 -1023.35514 233.05262 
-775.72477 -1024.64157 233.11354 
-776.27052 -1025.41955 233.13850 
-777.02507 -1026.27777 233.16266 
-778.16698 -1025.62290 233.10618 
-777.39618 -1024.86657 233.08724 
-779.11817 -1026.21579 233.11335 
-779.37935 -1025.67392 233.08176 
-777.30907 -1024.29056 233.06174 
-776.72034 -1024.38390 233.07922 
-773.90073 -1022.82480 233.06743 
-770.83270 -1022.45029 233.11755 
-771.74648 -1026.42690 233.28667 
-770.85897 -1023.05883 233.14594 
-769.67601 -1020.93974 233.07123 
-769.35439 -1020.56346 233.06044 
-769.78631 -1021.56406 233.09852 
-771.75916 -1022.53696 233.10115 
-774.70256 -1023.19786 233.06743 
-775.33171 -1024.09107 233.09603 
-775.37047 -1024.69138 233.12376 
-773.06769 -1026.02378 233.23821 
-771.07154 -1025.54243 233.25950 
-769.98499 -1023.45381 233.18411 
-769.44570 -1021.82611 233.11854 
-770.60219 -1021.82255 233.09276 
-772.45323 -1021.56951 233.03971 
-771.88720 -1019.29153 232.94377 
-771.18281 -1020.29617 233.00721 
-771.17254 -1018.56061 232.92480 
-770.96357 -1019.05843 232.95313 
-772.82756 -1020.10488 232.96168 
-774.23178 -1018.83815 232.87026 
-776.35922 -1022.04706 232.97594 
-775.31471 -1020.78141 232.93881 
-775.57250 -1019.82377 232.88750 
-774.80844 -1019.86241 232.90626 
-771.49491 -1017.82231 232.88250 
-770.38230 -1019.60162 232.99187 
-767.04031 -1019.86038 233.07821 
-767.95798 -1017.28483 232.93524 
-765.52630 -1017.53487 233.00101 
-769.44458 -1020.24360 233.04321 
-767.94331 -1019.17241 233.02545 
-768.80993 -1017.96594 232.94881 
-769.02400 -1018.38243 232.96390 
-771.82319 -1020.32884 232.99459 
-768.67425 -1019.40826 233.02049 
-767.97236 -1022.53876 233.18511 
-767.31635 -1023.03028 233.22305 
-767.25375 -1021.53679 233.15331 
-766.02211 -1019.59616 233.08818 
-764.49273 -1019.12900 233.09981 
-764.64319 -1020.13482 233.14437 
-765.79542 -1019.16764 233.07280 
-767.86204 -1018.76333 233.00777 
-768.33392 -1019.04318 233.01065 
-768.55674 -1019.69065 233.03654 
-767.59732 -1017.67173 232.96165 
-764.75967 -1017.12650 232.99854 
-766.08463 -1018.67862 233.04311 
-766.38899 -1022.35846 233.21160 
-768.18472 -1025.42136 233.31767 
-765.13879 -1023.14340 233.27666 
-765.08335 -1021.53012 233.20107 
-766.28271 -1020.95814 233.14727 
-767.44295 -1024.54933 233.29258 
-769.64787 -1024.85845 233.25846 
-769.01376 -1025.01755 233.28008 
-769.37217 -1025.22735 233.28214 
-767.65916 -1026.06754 233.36009 
-769.58692 -1024.89522 233.26156 
-769.80871 -1024.46125 233.23599 
-770.22087 -1023.34077 233.17350 
-770.64593 -1022.47184 233.12271 
-767.79745 -1022.11378 233.16875 
-767.78424 -1019.71578 233.05485 
-769.67257 -1020.28953 233.04035 
-768.37462 -1017.71845 232.94666 
-766.97445 -1019.73105 233.07351 
-764.86333 -1019.93047 233.12977 
-767.00721 -1021.61106 233.16231 
-767.09454 -1021.84438 233.17149 
-768.20841 -1022.46670 233.17645 
-765.74088 -1021.53223 233.18661 
-765.46990 -1025.08115 233.36160 
-767.94415 -1025.86641 233.34420 
-767.02099 -1024.72078 233.31009 
-768.44382 -1026.83548 233.37928 
-767.52140 -1024.11605 233.27021 
-765.57748 -1021.27679 233.17806 
-768.05253 -1019.84109 233.05488 
-770.05946 -1020.20211 233.02762 
-770.01731 -1021.00608 233.06683 
-772.05432 -1023.46798 233.13895 
-771.62844 -1026.03634 233.27069 
-773.78491 -1027.42742 233.28917 
-771.81327 -1025.05394 233.21981 
