-865.77819 -904.15098 36.96769 
-865.73197 -902.58941 36.89435 
-863.50412 -901.90022 36.91088 
-861.51047 -902.28978 36.97358 
-857.14320 -900.53738 36.98686 
-856.47616 -900.48026 36.99892 
-855.93181 -900.36137 37.00531 
-851.97807 -899.32401 37.04348 
-852.20571 -900.07672 37.07428 
-850.05494 -900.02048 37.11924 
-847.48179 -899.87237 37.16918 
-846.23901 -899.41547 37.17495 
-847.64066 -900.63800 37.20212 
-846.69344 -899.88778 37.18737 
-846.01242 -899.80950 37.19873 
-847.85011 -900.68871 37.19990 
-848.25060 -900.24649 37.16997 
-846.97177 -900.03658 37.18830 
-845.82892 -900.60932 37.24088 
-848.78741 -903.39020 37.30778 
-843.81771 -901.36923 37.32161 
-844.61984 -902.40943 37.35338 
-842.23565 -901.72479 37.37358 
-843.31760 -901.04332 37.31717 
-847.15460 -901.07363 37.23363 
-845.93524 -902.54165 37.33054 
-844.89084 -902.60874 37.35687 
-840.77027 -902.23014 37.43010 
-841.11563 -903.77447 37.49600 
-843.38911 -904.92920 37.50063 
-841.50126 -903.96106 37.49634 
-843.18744 -905.59275 37.53669 
-841.61489 -905.51141 37.56765 
-841.29313 -903.67674 37.48741 
-840.14200 -903.99700 37.52816 
-841.62408 -903.81017 37.48643 
-838.56781 -902.43032 37.48842 
-838.08032 -903.15618 37.53378 
-836.67316 -903.22856 37.56839 
-837.65130 -903.72670 37.57045 
-837.67802 -902.78659 37.52509 
-839.13580 -902.94624 37.50041 
-837.82444 -902.00312 37.48454 
-837.99346 -900.97565 37.43187 
-838.02832 -902.29825 37.49408 
-834.71497 -901.65175 37.53668 
-834.28486 -902.09054 37.56710 
-835.34716 -901.58467 37.51948 
-837.49415 -903.04541 37.54149 
-837.20729 -903.14207 37.55244 
-838.78328 -904.27917 37.57169 
-836.39814 -904.78171 37.64844 
-837.87819 -904.81423 37.61721 
-836.04938 -906.04632 37.71639 
-832.00028 -905.70587 37.78986 
-829.42600 -905.23742 37.82457 
-828.25741 -905.10465 37.84413 
-829.61041 -904.90036 37.80443 
-829.70199 -905.53707 37.83272 
-831.39088 -905.82186 37.80888 
-833.14752 -906.61231 37.80761 
-834.31484 -907.65955 37.83163 
-833.78215 -906.40745 37.78380 
-832.08906 -907.04692 37.85175 
-830.73151 -907.06421 37.88264 
-831.50168 -907.40776 37.88194 
-831.63558 -906.21863 37.82235 
-833.32282 -907.48592 37.84533 
-834.22526 -907.40233 37.82136 
-833.92043 -905.65302 37.74481 
-831.68703 -904.73853 37.75073 
-830.27086 -905.08844 37.79876 
-828.49818 -903.37078 37.75623 
-828.18474 -902.37619 37.71581 
-830.23612 -901.95625 37.65038 
-832.18777 -903.09279 37.66127 
-836.85958 -903.60877 37.58237 
-837.29166 -904.11642 37.59697 
-836.76123 -903.47480 37.57817 
-837.65445 -904.04384 37.58548 
-838.07887 -904.41331 37.59368 
-839.76520 -903.87447 37.53067 
-834.51138 -902.56901 37.58487 
-835.27858 -904.22217 37.64660 
-832.97663 -902.52752 37.61688 
-833.14559 -901.38588 37.55878 
-830.68023 -900.77405 37.58425 
-829.87842 -900.92047 37.60898 
-833.10223 -903.12532 37.64257 
-833.84252 -904.42810 37.68821 
-832.70963 -903.79496 37.68315 
-831.59410 -903.56932 37.69711 
-834.39438 -904.18603 37.66446 
-834.75637 -905.28899 37.70896 
-834.82118 -904.48829 37.66940 
-836.48847 -904.74436 37.64466 
-833.82217 -904.70455 37.70182 
-835.89763 -905.50406 37.69393 
-836.58207 -905.08358 37.65874 
-836.12709 -905.22034 37.67533 
-833.62183 -904.13435 37.67911 
-834.85540 -906.50539 37.76469 
-831.75542 -905.56814 37.78872 
-830.76472 -903.78402 37.72571 
-829.66124 -903.25019 37.72473 
-829.35926 -902.28529 37.68547 
-829.76610 -902.79300 37.70063 
-829.73213 -903.59391 37.73952 
-830.04210 -903.75535 37.74035 
-831.90689 -903.59445 37.69138 
-833.20515 -904.50870 37.70616 
-833.77270 -904.54311 37.69523 
-833.98236 -904.58079 37.69238 
-833.22473 -903.24867 37.64573 
-833.40089 -903.91867 37.67373 
-836.06472 -903.99485 37.61836 
-834.15184 -902.82972 37.60524 
-833.31141 -901.42459 37.55695 
-832.36491 -902.60851 37.63429 
-831.52981 -903.59257 37.69964 
-831.21806 -905.25201 37.78557 
-833.79295 -904.73183 37.70377 
-829.94181 -906.39820 37.86842 
-827.80103 -905.12365 37.85514 
-826.97196 -906.03936 37.91711 
-825.40720 -904.59978 37.88321 
-823.18816 -904.32777 37.91941 
-821.66687 -901.93903 37.83935 
-821.89957 -903.12953 37.89089 
-819.79228 -901.98841 37.88322 
-819.30534 -900.63154 37.82939 
-822.35492 -902.00696 37.82735 
-823.00991 -903.27357 37.87316 
-821.82981 -902.00854 37.83905 
-821.75250 -901.54355 37.81862 
-822.58212 -901.49876 37.79812 
-822.80588 -902.17610 37.82541 
-820.16221 -902.85571 37.91633 
-822.27259 -903.66588 37.90817 
-823.26235 -903.57391 37.88187 
-822.00591 -902.25621 37.84695 
-822.52433 -901.18430 37.78442 
-821.98492 -901.50211 37.81150 
-822.20959 -900.99557 37.78241 
-824.62047 -903.57447 37.85181 
-824.53359 -904.78173 37.91123 
-826.37732 -904.68524 37.86580 
-827.29674 -905.26296 37.87294 
-827.86962 -904.94662 37.84519 
-823.73145 -904.40871 37.91123 
-822.32951 -903.89659 37.91789 
-822.63473 -905.21459 37.97389 
-819.74267 -904.52035 38.00489 
-819.08172 -905.61134 38.07148 
-819.25498 -904.53340 38.01631 
-820.21149 -904.61911 37.99921 
-818.40290 -903.64998 37.99312 
-819.15530 -904.60178 38.02178 
-823.99778 -907.26027 38.04112 
-824.34381 -908.02567 38.06990 
-822.79067 -907.79200 38.09317 
-819.40456 -907.26115 38.14289 
-824.20004 -909.07470 38.12304 
-822.09176 -909.24668 38.17792 
-820.31609 -908.28673 38.17154 
-820.86846 -909.05456 38.19587 
-820.80537 -909.47400 38.21724 
-822.42112 -909.24557 38.17058 
-821.26425 -909.46744 38.20676 
-825.10431 -910.12207 38.15289 
-825.13852 -910.18919 38.15533 
-826.35307 -910.47158 38.14187 
-824.01976 -909.37151 38.14117 
-822.36254 -908.35965 38.12969 
-822.49727 -907.45125 38.08345 
-818.62023 -906.94356 38.14514 
-820.07927 -907.30540 38.13006 
-816.30736 -906.21812 38.16182 
-821.16135 -907.90825 38.13480 
-825.55792 -907.95262 38.03953 
-826.62603 -907.74525 38.00600 
-822.72636 -905.62303 37.99131 
-823.75808 -906.76046 38.02263 
-824.32380 -907.95230 38.06685 
-825.00135 -906.63148 37.98895 
-822.45251 -906.45134 38.03682 
-824.92897 -907.48232 38.03107 
-825.84391 -908.88646 38.07767 
-825.58307 -908.97004 38.08742 
-824.42686 -908.27093 38.07974 
-827.27016 -907.45303 37.97782 
-826.85210 -908.16516 38.02099 
-827.03974 -909.13142 38.06285 
-824.25096 -907.53167 38.04843 
-821.21241 -907.27785 38.10365 
-820.96163 -906.02787 38.04968 
-821.88902 -905.11706 37.98577 
-822.59862 -906.54892 38.03823 
-822.53448 -906.27543 38.02663 
-824.55459 -905.98672 37.96814 
-824.71710 -904.64927 37.90085 
-826.04066 -905.42088 37.90828 
-823.34649 -904.89881 37.94309 
-823.12277 -905.15062 37.96004 
-825.31351 -906.99613 37.99940 
-825.62077 -907.01177 37.99334 
-825.46712 -908.48654 38.06697 
-826.69098 -907.85586 38.00983 
-823.63155 -907.17079 38.04497 
-822.42022 -908.16362 38.11908 
-820.28378 -907.59033 38.13909 
-822.01785 -907.58853 38.10060 
-824.61123 -906.42926 37.98796 
-828.04053 -906.92738 37.93573 
-826.13459 -905.66759 37.91795 
-826.60486 -905.17816 37.88423 
-830.43448 -906.14734 37.84556 
-830.97208 -907.19229 37.88341 
-827.92664 -906.77189 37.93084 
-828.45487 -907.11371 37.93542 
-822.85754 -904.57722 37.93861 
-819.94250 -904.77541 38.01261 
-820.75162 -903.90705 37.95334 
-819.79237 -903.41877 37.95133 
-820.79092 -903.18324 37.91800 
-822.96067 -906.38716 38.02251 
-824.67814 -908.90798 38.10451 
-825.92610 -907.87056 38.02747 
-824.41878 -906.94393 38.01673 
-823.42525 -906.87568 38.03549 
-821.63138 -903.87769 37.93246 
-825.26689 -906.18702 37.96190 
-825.75341 -907.09735 37.99448 
-825.74526 -907.40782 38.00944 
-824.06134 -907.65954 38.05872 
-825.17234 -907.28685 38.01637 
-822.90811 -907.51142 38.07721 
-820.67050 -907.19350 38.11163 
-820.54815 -905.82841 38.04934 
-818.66048 -904.43910 38.02499 
-820.85804 -906.45437 38.07228 
-821.70198 -909.09258 38.17922 
-824.51634 -908.20941 38.07483 
-821.66174 -906.54285 38.05870 
-822.36056 -909.45919 38.18209 
-822.29250 -909.18195 38.17040 
-822.77401 -909.97327 38.19741 
-822.78893 -911.17330 38.25423 
-819.72408 -910.21184 38.27632 
-819.83011 -911.19244 38.32067 
-816.80735 -908.84175 38.27568 
-813.72482 -906.14414 38.21550 
-815.49124 -907.94589 38.26217 
-816.05495 -909.74386 38.33531 
-819.58136 -911.47687 38.33973 
-821.86892 -911.28709 38.28002 
-823.21112 -911.33879 38.25276 
-822.11659 -911.66173 38.29238 
-822.99446 -912.09519 38.29357 
-820.91288 -911.33622 38.30354 
-818.95099 -910.76146 38.31962 
-822.16964 -910.66286 38.24364 
-822.83834 -911.40772 38.26430 
-818.24020 -910.34990 38.31576 
-819.56206 -910.58776 38.29781 
-821.16893 -909.23266 38.19770 
-822.94707 -909.85980 38.18818 
-823.46620 -909.76147 38.17200 
-826.51202 -910.08642 38.12001 
-824.35829 -910.07703 38.16727 
-817.55267 -908.18549 38.22793 
-818.93015 -907.83882 38.18091 
-820.24700 -908.56720 38.18643 
-820.24903 -907.99932 38.15934 
-814.47782 -906.52563 38.21699 
-815.63670 -907.19249 38.22308 
-814.58600 -907.69659 38.27035 
-814.54301 -909.08497 38.33742 
-812.06077 -909.19326 38.39755 
-811.15606 -908.16377 38.36857 
-811.51457 -908.90753 38.39604 
-812.26603 -910.26324 38.44396 
-808.00097 -909.75183 38.51407 
-805.94392 -910.23638 38.58270 
-804.54106 -909.76058 38.59112 
-803.54425 -910.70360 38.65810 
-802.23097 -908.96395 38.60435 
-808.07690 -909.70791 38.51029 
-804.85555 -909.94269 38.59282 
-807.13502 -910.69659 38.57824 
-806.77195 -909.68416 38.53807 
-805.88573 -908.39945 38.49652 
-806.75313 -907.71344 38.44464 
-808.81251 -907.73229 38.39992 
-811.89583 -909.46761 38.41427 
-811.26438 -910.07884 38.45736 
-814.06701 -910.84022 38.43154 
-813.97354 -909.66325 38.37757 
-814.93599 -911.05944 38.42274 
-814.65105 -910.82685 38.41797 
-814.99791 -910.11097 38.37620 
-815.09759 -908.91848 38.31721 
-814.26291 -906.58322 38.22449 
-813.75498 -907.20085 38.26515 
-814.21976 -906.98260 38.24446 
-815.99253 -907.22929 38.21695 
-812.02104 -906.84680 38.28669 
-811.46664 -906.82077 38.29773 
-810.70048 -906.96200 38.32143 
-810.35951 -908.42944 38.39886 
-808.26162 -909.92158 38.51638 
-810.81066 -910.17602 38.47204 
-810.41655 -910.24392 38.48400 
-811.64015 -911.94294 38.53780 
-809.38197 -910.96773 38.54138 
-811.89335 -911.29568 38.50137 
-813.46316 -909.85281 38.39790 
-810.55069 -908.68616 38.40685 
-811.29856 -908.79304 38.39537 
-809.23226 -907.51642 38.38035 
-810.42123 -907.96095 38.37518 
-811.35256 -907.16494 38.31665 
-807.62531 -906.94031 38.38851 
-811.52455 -908.26362 38.36516 
-812.93709 -908.24762 38.33311 
-816.58110 -910.47085 38.35827 
-812.61884 -911.33598 38.48723 
-810.96980 -910.15991 38.46775 
-813.47941 -911.33571 38.46815 
-813.51191 -910.16468 38.41167 
-817.72812 -911.60107 38.38669 
-818.14129 -912.90910 38.43982 
-819.97985 -912.20725 38.36568 
-818.67367 -911.58761 38.36510 
-815.77999 -910.51345 38.37804 
-817.03078 -909.67705 38.31051 
-818.69419 -910.62789 38.31895 
-815.80044 -908.72613 38.29248 
-816.69275 -908.34353 38.25450 
-817.44346 -909.74558 38.30463 
-818.46118 -910.81876 38.33320 
-817.84552 -910.87319 38.34943 
-816.15822 -911.14276 38.39963 
-816.42778 -909.46464 38.31375 
-817.21127 -909.69216 38.30723 
-815.15951 -909.40069 38.33880 
-814.77901 -907.76492 38.26933 
-812.76227 -907.13496 38.28400 
-814.83425 -909.27644 38.34008 
-813.98160 -907.64655 38.28135 
-812.85523 -907.04769 38.27779 
-813.74887 -906.63973 38.23857 
-813.54102 -906.48047 38.23559 
-813.87278 -907.32562 38.26848 
-816.99656 -909.16131 38.28671 
-818.45988 -910.81660 38.33312 
-815.45483 -909.10945 38.31839 
-820.23165 -910.72734 38.28963 
-819.31168 -909.35275 38.24455 
-819.43209 -909.75741 38.26115 
-818.08947 -910.35435 38.31932 
-820.05515 -911.42227 38.32663 
-820.63822 -912.82296 38.38042 
-818.67638 -911.04286 38.33910 
-817.82526 -911.98148 38.40265 
-816.93831 -913.17514 38.47913 
-815.86180 -911.44103 38.42040 
-817.01829 -911.88689 38.41602 
-815.14905 -911.22085 38.42570 
-812.57237 -908.03286 38.33096 
-811.96655 -907.50703 38.31934 
-814.66657 -908.09849 38.28770 
-814.93946 -909.26579 38.33725 
-814.22948 -909.24911 38.35218 
-815.25487 -909.97013 38.36380 
-814.40993 -909.60840 38.36529 
-814.79274 -909.12288 38.33369 
-815.59475 -909.45576 38.33178 
-817.42072 -910.60123 38.34588 
-818.89141 -911.74153 38.36761 
-817.93575 -911.89450 38.39606 
-816.61343 -910.95413 38.38057 
-817.40973 -911.37235 38.38285 
-815.92816 -910.44218 38.37137 
-818.17895 -911.86990 38.38950 
-821.68804 -912.66631 38.34971 
-821.16949 -911.16964 38.28992 
-820.21362 -912.04953 38.35299 
-820.18826 -910.20619 38.26578 
-816.80394 -908.21265 38.24580 
-815.40833 -906.83877 38.21129 
-813.60704 -905.01242 38.16422 
-811.95421 -905.04300 38.20228 
-812.55057 -905.26698 38.19974 
-815.22937 -907.40201 38.24207 
-815.41763 -906.71904 38.20538 
-815.82566 -908.24700 38.26910 
-820.20528 -909.35587 38.22491 
-821.06797 -909.67411 38.22095 
-824.73193 -911.57311 38.23023 
-824.16974 -911.66096 38.24687 
-821.14268 -910.48310 38.25782 
-816.63285 -908.53528 38.26495 
-819.82395 -908.77453 38.20567 
-819.68584 -909.68899 38.25227 
-821.22648 -908.89608 38.18039 
-816.29107 -908.33813 38.26314 
-817.34797 -908.84000 38.26363 
-819.22349 -908.62027 38.21162 
-822.29952 -910.97437 38.25559 
-822.96647 -910.14822 38.20148 
-818.43496 -908.29129 38.21342 
-817.71276 -908.47067 38.23796 
-818.16885 -909.07295 38.25654 
-816.65323 -907.88448 38.23351 
-817.85487 -909.00304 38.26016 
-818.21590 -910.28572 38.31325 
-820.25467 -910.33796 38.27058 
-818.29615 -911.46055 38.36741 
-817.29514 -912.70266 38.44873 
-812.87876 -911.74054 38.50073 
-813.60785 -911.17913 38.45785 
-809.78355 -909.08158 38.44267 
-811.85345 -911.48819 38.51143 
-811.33795 -910.56782 38.47902 
-808.00935 -908.07361 38.43397 
-807.59760 -910.24692 38.54658 
-807.58555 -910.29234 38.54901 
-807.11482 -908.70012 38.48361 
-807.26714 -909.50464 38.51855 
-808.49495 -909.09130 38.47167 
-808.00336 -909.89139 38.52066 
-807.56337 -909.44018 38.50892 
-809.58850 -910.15396 38.49806 
-808.57988 -909.72628 38.50003 
-809.87405 -911.37308 38.54978 
-813.35529 -912.22399 38.51320 
-809.85481 -910.20317 38.49450 
-810.64492 -911.02743 38.51625 
-810.11714 -911.80393 38.56492 
-810.98466 -910.26070 38.47222 
-811.40671 -912.12302 38.55155 
-811.46217 -912.72156 38.57882 
-812.07939 -912.37949 38.54886 
-809.37023 -911.03708 38.54494 
-808.91490 -912.26037 38.61328 
-809.04124 -911.03538 38.55215 
-811.48334 -912.00195 38.54409 
-811.41097 -912.92535 38.58966 
-810.62194 -912.86448 38.60424 
-809.54763 -911.63069 38.56928 
-806.42125 -910.42263 38.58100 
-807.58314 -913.13421 38.68439 
-807.95950 -911.69012 38.60729 
-807.59827 -911.32714 38.59800 
-807.19768 -910.21807 38.55406 
-808.67456 -912.97542 38.65265 
-808.41467 -914.87181 38.74871 
-806.87704 -913.14649 38.70061 
-805.23408 -912.65482 38.71359 
-804.82460 -911.60429 38.67263 
-804.76911 -911.55210 38.67138 
-808.32096 -912.40202 38.63318 
-807.51461 -912.78308 38.66919 
-809.86272 -913.85372 38.66816 
-808.29104 -915.08848 38.76177 
-807.23351 -914.86797 38.77469 
-805.36643 -914.35213 38.79148 
-804.18686 -914.99808 38.84837 
-805.14416 -917.10378 38.92743 
-809.12256 -916.88254 38.82878 
-809.43429 -917.16603 38.83538 
-811.57336 -917.29840 38.79431 
-811.71895 -918.29675 38.83862 
-811.80471 -917.40237 38.79413 
-808.25343 -915.32011 38.77363 
-808.17951 -915.78079 38.79721 
-808.36535 -916.43490 38.82424 
-805.66874 -912.94237 38.71765 
-805.13835 -913.39834 38.75111 
-801.63062 -914.87582 38.89916 
-799.19832 -916.59821 39.03505 
-802.34193 -917.01935 38.98548 
-804.55267 -918.58955 39.01129 
-806.48805 -918.94551 38.98537 
-805.55294 -919.16180 39.01638 
-805.79422 -918.95246 39.00107 
-808.19885 -920.59849 39.02619 
-807.61829 -919.85274 39.00354 
-806.34001 -918.45621 38.96535 
-806.74705 -920.59514 39.05819 
-809.77894 -918.26376 38.88002 
-809.71251 -919.03503 38.91822 
-804.04934 -919.38565 39.06034 
-804.08446 -918.65494 39.02477 
-806.11259 -919.05222 38.99877 
-808.87462 -917.97621 38.88635 
-807.80112 -918.26947 38.92410 
-808.37645 -916.75341 38.83916 
-805.98326 -916.12065 38.86203 
-806.33536 -916.32263 38.86385 
-807.36887 -917.63547 38.90348 
-809.15356 -915.63866 38.76886 
-809.76641 -914.18171 38.68591 
-810.02869 -915.78402 38.75640 
-806.61273 -916.69594 38.87549 
-803.98129 -915.90174 38.89595 
-802.88218 -915.26904 38.89017 
-802.19056 -916.29031 38.95412 
-801.80390 -917.13897 39.00309 
-803.70180 -918.77233 39.03884 
-803.19416 -917.54688 38.99172 
-801.87745 -917.62916 39.02480 
-804.09290 -917.55767 38.97233 
-801.95210 -917.12346 38.99907 
-801.23448 -917.68935 39.04191 
-801.78457 -921.30905 39.20210 
-799.75812 -920.97991 39.23130 
-801.57553 -922.94381 39.28457 
-799.95518 -923.73482 39.35813 
-800.50601 -923.62198 39.34055 
-800.26698 -923.37165 39.33393 
-799.83781 -923.88037 39.36766 
-802.06953 -924.21077 39.33396 
-803.10082 -924.05714 39.30380 
-804.41597 -926.30217 39.38158 
-808.06067 -928.05704 39.38442 
-805.57882 -925.95980 39.33952 
-803.77533 -925.91501 39.37733 
-804.46232 -929.05003 39.51141 
-805.13025 -929.64980 39.52517 
-804.06839 -928.10798 39.47527 
-802.99026 -928.47999 39.51686 
-798.57600 -926.95352 39.54194 
-791.79532 -924.22955 39.56241 
-796.94517 -926.55755 39.55921 
-796.05423 -925.29387 39.51877 
-797.23974 -925.60213 39.50719 
-794.98417 -926.37578 39.59399 
-794.41069 -927.63751 39.66677 
-795.67360 -928.02440 39.65722 
-795.20318 -926.75739 39.60731 
-795.82399 -927.33150 39.62090 
-795.82102 -925.01435 39.51062 
-796.39011 -923.41754 39.42198 
-796.04033 -923.64557 39.44058 
-796.48247 -925.08267 39.49922 
-797.00310 -925.94579 39.52879 
-796.71115 -925.39515 39.50904 
-793.46826 -924.04494 39.51657 
-793.51559 -925.38794 39.57947 
-798.71846 -926.83230 39.53302 
-798.96463 -927.21639 39.54585 
-799.78051 -927.15898 39.52505 
-797.66330 -925.87418 39.51076 
-797.15927 -926.94244 39.57279 
-799.43240 -928.36652 39.59026 
-798.94511 -927.49557 39.55958 
-798.12212 -927.52949 39.57942 
-797.92492 -926.56255 39.53775 
-797.21757 -929.13487 39.67590 
-796.07492 -927.74553 39.63505 
-795.44673 -928.09972 39.66583 
-791.48442 -927.16311 39.70899 
-789.40514 -927.34853 39.76387 
-792.55816 -929.19323 39.78188 
-790.36176 -925.12168 39.63665 
-792.22611 -928.02609 39.73366 
-791.21685 -927.40886 39.72662 
-790.04925 -926.37794 39.70339 
-792.44454 -929.20591 39.78500 
-791.16762 -927.34321 39.72458 
-793.49974 -927.93518 39.70112 
-793.88415 -928.85824 39.73656 
-793.63779 -931.70110 39.87739 
-795.69290 -934.13206 39.94764 
-792.86650 -934.22634 40.01472 
-791.01702 -934.48053 40.06779 
-794.96907 -933.22762 39.92060 
-796.24147 -932.96184 39.87976 
-795.25572 -932.59331 39.88404 
-794.62515 -931.19282 39.83132 
-793.92867 -931.86864 39.87893 
-791.41150 -930.63337 39.87586 
-792.74104 -928.23222 39.73207 
-791.51368 -927.94665 39.74565 
-791.15356 -929.51432 39.82828 
-791.20871 -928.96443 39.80088 
-790.88523 -929.05337 39.81227 
-790.57072 -930.24798 39.87613 
-789.04465 -928.75286 39.83873 
-790.49527 -928.85233 39.81134 
-790.80315 -928.16230 39.77166 
-792.43609 -927.92951 39.72441 
-796.90065 -929.55595 39.70298 
-793.06151 -928.52240 39.73879 
-793.04350 -928.37131 39.73199 
-792.44515 -929.75422 39.81110 
-791.54129 -927.71689 39.73410 
-792.45377 -929.20026 39.78453 
-792.15742 -929.36943 39.79915 
-789.69607 -929.39040 39.85466 
-789.01943 -927.65068 39.78680 
-788.30849 -928.81444 39.85797 
-789.29740 -928.20891 39.80723 
-787.52137 -927.14335 39.79583 
-785.00628 -926.10597 39.80213 
-788.77724 -927.42223 39.78129 
-789.34524 -928.13706 39.80275 
-788.27743 -927.87862 39.81409 
-792.07101 -929.58303 39.81123 
-790.72150 -929.96180 39.85916 
-790.50665 -929.49826 39.84185 
-788.65493 -929.88215 39.90114 
-787.90587 -928.74665 39.86366 
-788.61006 -930.70416 39.94128 
-788.99581 -931.32767 39.96242 
-791.93716 -932.79379 39.96709 
-790.46941 -931.11107 39.91947 
-791.59101 -931.15950 39.89693 
-791.46869 -929.48804 39.82005 
-791.53368 -931.69209 39.92357 
-792.72931 -932.39286 39.93046 
-790.37052 -932.08005 39.96780 
-790.54547 -931.36215 39.92974 
-793.15322 -930.81305 39.84584 
-788.58219 -928.95572 39.85863 
-785.21757 -927.60142 39.86866 
-784.38653 -927.31704 39.87353 
-785.85377 -926.73475 39.81330 
-787.16724 -927.24695 39.80860 
-787.78641 -927.31132 39.79795 
-786.40279 -928.23898 39.87277 
-788.06448 -926.02539 39.73056 
-785.82724 -923.92211 39.67996 
-783.12936 -923.87431 39.73743 
-785.19828 -926.07500 39.79640 
-784.59799 -924.06371 39.71392 
-785.31712 -923.68329 39.67988 
-789.62084 -926.16510 39.70274 
-789.91520 -926.91022 39.73171 
-787.85078 -924.64017 39.66933 
-786.17929 -922.51728 39.60526 
-787.36523 -923.64340 39.63262 
-785.94627 -923.41443 39.65314 
-787.99950 -923.78861 39.62549 
-790.89680 -924.99937 39.61897 
-791.38555 -926.74598 39.69132 
-792.22558 -927.38038 39.70292 
-790.43911 -928.92629 39.81610 
-789.57486 -929.63238 39.86887 
-790.81354 -928.69147 39.79663 
-794.42526 -930.40467 39.79822 
-795.63392 -931.25008 39.81170 
-797.58911 -931.46133 39.77846 
-798.77072 -930.09719 39.68733 
-797.88375 -932.49598 39.82120 
-797.59733 -929.67478 39.69320 
-798.31130 -930.11462 39.69834 
-799.91221 -930.21339 39.66758 
-797.32046 -927.65449 39.60313 
-795.66430 -928.02550 39.65748 
-797.21405 -931.85978 39.80574 
-796.83351 -930.19708 39.73499 
-796.92478 -931.05650 39.77390 
-796.52388 -929.81436 39.72363 
-795.49454 -933.00517 39.89837 
-796.39085 -932.76859 39.86725 
-796.07143 -930.80372 39.78076 
-795.93967 -932.59372 39.86892 
-794.78559 -932.76362 39.90257 
-794.31549 -932.19966 39.88612 
-791.20755 -934.35908 40.05779 
-792.37655 -936.22072 40.12055 
-794.83724 -935.42324 40.02807 
-795.22919 -934.24374 39.96322 
-794.82446 -935.09777 40.01286 
-794.95240 -933.87649 39.95187 
-795.38326 -933.49969 39.92438 
-793.45721 -931.01114 39.84854 
-796.81918 -932.26532 39.83380 
-795.13019 -930.73965 39.79855 
-794.47349 -928.77623 39.71960 
-797.63575 -930.68207 39.74032 
-795.28790 -929.68732 39.74495 
-792.93013 -928.73799 39.75197 
-791.24165 -926.94947 39.70419 
-789.21139 -926.77036 39.74063 
-790.62786 -926.20842 39.68250 
-791.99625 -927.49045 39.71324 
-788.47393 -923.84223 39.61753 
-785.61440 -924.36831 39.70592 
-788.02272 -927.90737 39.82110 
-785.70577 -927.50386 39.85321 
-786.17612 -927.88581 39.86098 
-789.16528 -929.22550 39.85857 
-790.22239 -928.14378 39.78364 
-792.94585 -929.64014 39.79458 
-792.61852 -931.59684 39.89500 
-791.38820 -930.93210 39.89060 
-793.66159 -931.27478 39.85656 
-792.68513 -933.56988 39.98748 
-791.63843 -934.63421 40.06135 
-790.45709 -929.50009 39.84303 
-790.82962 -931.85312 39.94683 
-791.71280 -934.70013 40.06284 
-794.28963 -933.91626 39.96844 
-795.31400 -935.60127 40.02599 
-794.43326 -935.00239 40.01698 
-795.70338 -935.16938 39.99680 
-792.94891 -934.07512 40.00570 
-790.72782 -934.38797 40.06979 
-788.01516 -934.73406 40.14635 
-788.57376 -933.90428 40.09447 
-791.51545 -932.91994 39.98244 
-790.87584 -933.86369 40.04155 
-791.10163 -933.13802 40.00199 
-791.20196 -931.63579 39.92823 
-790.25415 -931.89402 39.96152 
-792.80567 -933.69926 39.99097 
-785.90678 -929.03274 39.92156 
-787.74347 -932.91327 40.06566 
-793.04869 -933.65538 39.98350 
-787.69030 -929.45018 39.90193 
-785.11382 -928.95456 39.93540 
-783.11991 -930.56897 40.05644 
-781.36196 -930.89460 40.11088 
-781.11076 -933.03823 40.21852 
-781.93385 -935.90057 40.33659 
-783.03513 -930.94526 40.07623 
-782.32899 -929.79587 40.03714 
-781.50287 -929.18925 40.02655 
-780.78853 -930.52086 40.10578 
-782.27446 -932.05631 40.14599 
-779.06500 -932.22206 40.22496 
-781.08674 -931.90831 40.16525 
-782.08834 -931.29847 40.11402 
-782.54501 -930.68152 40.07453 
-782.60326 -929.81748 40.03209 
-781.80020 -931.12606 40.11219 
-780.52087 -929.96975 40.08547 
-778.48110 -931.25941 40.19206 
-777.93028 -931.72089 40.22623 
-776.07647 -931.64705 40.26377 
-776.33649 -929.49980 40.15576 
-778.42137 -927.97661 40.03705 
-780.52066 -930.89822 40.12968 
-780.11633 -930.82108 40.13497 
-778.10432 -932.37696 40.25362 
-781.52310 -930.33893 40.08085 
-783.56486 -931.86318 40.10821 
-782.96810 -933.34174 40.19183 
-786.64410 -935.24599 40.20110 
-784.84892 -934.61341 40.21073 
-783.86772 -931.65612 40.09164 
-782.52100 -931.95117 40.13552 
-782.09807 -932.01056 40.14772 
-785.63520 -933.14210 40.12326 
-788.30901 -932.86359 40.05077 
-789.83951 -933.35213 40.04014 
-789.70092 -934.75823 40.11017 
-787.01155 -935.26298 40.19377 
-788.00407 -936.01628 40.20766 
-787.20908 -936.49667 40.24814 
-786.07130 -937.23345 40.30842 
-786.70906 -935.57587 40.21537 
-787.25744 -937.34091 40.28727 
-788.44152 -937.36417 40.26215 
-787.52531 -937.60903 40.29410 
-787.06767 -937.05480 40.27785 
-783.31717 -933.62850 40.19776 
-783.73628 -932.94895 40.15612 
-787.65490 -936.24403 40.22623 
-785.86204 -936.36195 40.27156 
-788.21856 -935.64795 40.18536 
-785.69300 -936.79212 40.29579 
-786.72573 -937.16069 40.29046 
-790.15005 -939.61621 40.33155 
-788.16836 -940.52551 40.41874 
-789.50306 -940.51139 40.38851 
-791.84715 -942.73514 40.44248 
-792.03052 -941.64643 40.38658 
-793.40856 -941.44292 40.34637 
-787.17913 -939.56692 40.39500 
-793.27153 -941.02922 40.32970 
-791.60945 -939.72242 40.30428 
-790.12261 -939.50019 40.32663 
-790.24601 -939.47538 40.32272 
-789.29305 -942.37000 40.48166 
-790.74281 -943.18149 40.48820 
-789.03879 -944.99840 40.61246 
-790.62721 -945.52427 40.60232 
-789.33680 -944.57547 40.58572 
-787.07936 -942.49508 40.53665 
-783.72091 -943.16860 40.64311 
-785.05733 -941.25638 40.52245 
-784.11920 -943.67940 40.65861 
-783.73618 -943.81351 40.67348 
-787.03341 -942.92056 40.55793 
-784.48986 -944.65203 40.69672 
-784.39973 -948.28889 40.87190 
-782.21790 -946.01174 40.81178 
-781.64183 -944.71217 40.76266 
-784.68423 -946.57485 40.78397 
-786.17590 -945.63932 40.70639 
-784.43355 -943.38416 40.63759 
-779.68558 -942.22130 40.68737 
-779.42530 -943.95659 40.77577 
-778.54498 -941.21669 40.66480 
-778.03599 -941.38579 40.68412 
-778.48164 -941.22133 40.66642 
-780.47637 -942.08331 40.66329 
-775.81505 -944.94272 40.90269 
-773.73158 -945.03772 40.95336 
-778.29952 -947.31088 40.96043 
-777.46145 -945.34237 40.88526 
-781.52452 -948.11424 40.92726 
-781.54412 -946.94970 40.87137 
-779.38851 -944.62963 40.80864 
-779.53123 -942.28658 40.69390 
-777.32525 -940.67158 40.66585 
-777.17692 -941.29795 40.69897 
-777.61534 -940.08453 40.63148 
-776.19526 -941.35435 40.72339 
-779.11991 -941.87171 40.68326 
-776.90107 -943.11882 40.79178 
-779.42539 -944.39605 40.79670 
-779.63947 -945.69084 40.85361 
-779.86734 -945.03320 40.81725 
-777.26361 -942.98872 40.77756 
-776.57739 -942.61156 40.77480 
-773.72362 -945.04110 40.95370 
-777.41093 -947.63819 40.99570 
-779.89617 -946.35853 40.87972 
-779.15056 -945.47050 40.85395 
-780.24632 -945.24530 40.81895 
-784.86374 -946.30158 40.76698 
-783.59142 -947.29189 40.84232 
-784.74903 -945.72558 40.74210 
-782.52498 -943.37694 40.67952 
-780.08298 -944.12997 40.76946 
-782.66412 -945.17715 40.76216 
-783.09730 -943.38656 40.66730 
-782.72638 -943.97532 40.70355 
-783.87372 -945.78337 40.76424 
-783.81192 -942.96066 40.63119 
-785.17090 -944.52311 40.67549 
-787.54321 -944.84136 40.63810 
-787.22974 -946.42960 40.72068 
-788.12359 -946.34250 40.69673 
-782.24403 -943.91512 40.71137 
-784.47431 -945.92838 40.75784 
-783.13351 -945.96549 40.78930 
-781.96594 -946.34033 40.83301 
-782.20759 -943.61242 40.69776 
-781.20008 -943.28269 40.70437 
-782.20969 -944.79342 40.75395 
-784.37790 -945.54315 40.74163 
-784.85738 -947.77321 40.83720 
-786.10139 -946.85240 40.76580 
-783.73372 -948.39225 40.89157 
-786.30678 -950.65270 40.94222 
-785.26880 -950.08744 40.93829 
-780.75179 -947.07464 40.89487 
-779.01064 -945.62785 40.86454 
-779.08458 -946.69217 40.91358 
-780.76737 -947.00146 40.89104 
-783.16269 -949.06588 40.93629 
-784.84353 -947.47698 40.82340 
-785.70067 -951.32800 40.98780 
-785.99637 -952.55719 41.03978 
-782.85019 -948.68974 40.92530 
-782.81449 -946.22240 40.80860 
-784.55559 -945.17142 40.71999 
-782.22986 -945.83833 40.80326 
-782.37561 -945.44857 40.78147 
-783.29903 -945.55435 40.76606 
-783.18646 -946.63186 40.81986 
-782.11162 -948.04822 40.91111 
-781.19513 -946.55563 40.86034 
-783.21572 -950.07566 40.98320 
-783.68007 -949.12450 40.92763 
-779.64780 -947.31073 40.93056 
-780.10892 -949.76915 41.03742 
-781.06416 -949.67242 41.01166 
-779.35503 -950.93602 41.10968 
-776.31734 -949.66027 41.11621 
-777.16265 -950.23423 41.12482 
-779.50685 -950.44558 41.08296 
-776.81380 -950.28501 41.13497 
-779.79501 -950.84811 41.09575 
-782.08218 -951.66792 41.08413 
-776.18292 -953.56453 41.30511 
-774.91907 -950.57891 41.19093 
-779.60392 -950.27409 41.07265 
-779.86907 -950.83802 41.09363 
-777.16093 -953.13279 41.26289 
-771.73314 -954.17560 41.43276 
-775.03185 -953.40963 41.32322 
-777.94663 -954.93643 41.33137 
-776.66614 -954.31985 41.33037 
-775.92956 -953.98470 41.33073 
-772.97536 -951.60287 41.28274 
-771.53124 -949.55010 41.21697 
-773.61108 -949.54904 41.17085 
-771.27276 -949.84472 41.23672 
-771.94497 -950.08984 41.23351 
-771.67925 -949.23764 41.19881 
-773.83165 -950.75265 41.22328 
-774.69386 -952.47829 41.28636 
-774.07629 -953.27877 41.33816 
-776.89974 -954.31219 41.32483 
-774.45547 -951.52645 41.24631 
-772.38525 -952.67644 41.34693 
-773.00037 -951.85746 41.29430 
-778.40766 -950.65912 41.11748 
-776.64298 -950.71106 41.15904 
-775.19603 -950.57783 41.18474 
-775.15764 -947.54643 41.04124 
-773.21972 -946.12602 41.01652 
-773.07210 -947.18755 41.07034 
-771.11755 -948.03559 41.15401 
-769.31873 -948.24705 41.20392 
-771.26362 -949.93413 41.24118 
-769.37825 -948.57824 41.21838 
-769.99236 -949.00668 41.22518 
-770.70567 -948.38230 41.17964 
-770.71006 -946.69174 41.09904 
-771.69285 -947.64962 41.12289 
-769.65256 -945.87507 41.08358 
-772.60482 -947.76270 41.10808 
-774.79503 -951.94957 41.25894 
-772.60958 -950.84629 41.25481 
-771.10223 -953.17386 41.39903 
-770.43762 -954.63054 41.48312 
-772.81221 -952.58466 41.33310 
-768.60122 -952.91521 41.44211 
-773.15426 -955.41378 41.46024 
-769.57694 -954.13749 41.47870 
-768.40714 -953.63722 41.48079 
-769.56607 -954.91578 41.51600 
-769.94891 -955.36993 41.52915 
-772.19378 -955.90544 41.50493 
-771.38238 -955.63676 41.51011 
-773.29798 -955.32166 41.45268 
-771.84954 -952.08590 41.33067 
-775.43782 -951.43298 41.22011 
-773.76996 -950.21386 41.19899 
-772.46132 -948.02743 41.12386 
-769.30370 -948.27389 41.20553 
-769.37164 -950.55362 41.31259 
-773.06270 -953.07604 41.35095 
-772.31957 -949.38153 41.19148 
-769.65948 -949.24154 41.24373 
-770.35348 -948.76754 41.20579 
-772.74369 -952.78600 41.34421 
-773.47857 -952.56933 41.31761 
-774.51171 -952.94759 41.31274 
-775.35231 -952.46337 41.27107 
-778.20246 -952.49480 41.20944 
-779.00457 -955.22887 41.32187 
-776.09636 -953.91766 41.32384 
-775.73334 -953.00745 41.28854 
-775.31845 -952.25309 41.26180 
-774.15179 -951.40874 41.24744 
-773.48410 -951.88670 41.28498 
-772.22606 -951.00086 41.27066 
-770.53424 -954.55971 41.47760 
-774.33138 -952.12280 41.27746 
-772.27810 -953.83289 41.40437 
-775.53218 -955.33158 41.40366 
-774.22189 -955.17064 41.42502 
-773.30958 -955.47534 41.45974 
-772.92410 -956.31328 41.50818 
-771.28173 -955.14005 41.48868 
-772.00992 -951.91935 41.31919 
-772.65091 -952.25123 41.32080 
-769.02319 -954.58389 41.51222 
-767.88288 -952.51018 41.43873 
-773.21367 -952.59535 41.32472 
-775.21423 -952.84573 41.29233 
-774.54171 -950.53944 41.19740 
-774.16668 -948.80751 41.12324 
-773.49632 -951.48680 41.26567 
-773.28989 -950.36410 41.21678 
-773.06707 -951.66615 41.28372 
-773.04075 -952.74196 41.33553 
-772.38010 -954.98184 41.45682 
-770.73892 -956.55802 41.56823 
-770.08225 -952.24125 41.37721 
-772.84924 -953.74635 41.38760 
-767.44382 -948.87108 41.27517 
-761.69813 -945.24292 41.22965 
-762.59417 -946.44668 41.26713 
-768.26519 -950.89156 41.35319 
-769.49606 -950.88085 41.32541 
-769.54685 -952.91193 41.42101 
-768.14648 -950.35471 41.33025 
-772.52613 -952.63906 41.34203 
-776.98249 -953.76506 41.29695 
