-927.42369 -928.30771 0.00704 
-926.54243 -927.99472 0.01166 
-925.88390 -927.77902 0.01597 
-924.97815 -927.48346 0.02196 
-924.38453 -927.28284 0.02555 
-923.33819 -926.93398 0.03211 
-923.18792 -926.88634 0.03317 
-923.00906 -926.89368 0.03748 
-922.88928 -926.91569 0.04118 
-922.41883 -926.80714 0.04643 
-921.89509 -926.63298 0.04974 
-921.58550 -926.51606 0.05103 
-921.36120 -926.52979 0.05665 
-920.87888 -926.28958 0.05590 
-921.09455 -926.45761 0.05912 
-920.76562 -926.39814 0.06357 
-920.93199 -926.40015 0.05999 
-919.81902 -926.03945 0.06746 
-919.91666 -926.06665 0.06659 
-920.17428 -926.25661 0.06993 
-919.64468 -926.15160 0.07666 
-919.84265 -926.22560 0.07580 
-919.95016 -926.38310 0.08092 
-919.56446 -926.20410 0.08094 
-919.43222 -926.08679 0.07828 
-920.15049 -926.35500 0.07514 
-920.05400 -926.24348 0.07197 
-920.00771 -926.24921 0.07327 
-918.90228 -925.86397 0.07941 
-919.19604 -926.02263 0.08046 
-919.51486 -926.19209 0.08146 
-919.10143 -926.12593 0.08747 
-919.19654 -926.08385 0.08336 
-919.03182 -925.98481 0.08229 
-918.56553 -925.88791 0.08801 
-918.33606 -925.88191 0.09280 
-918.46814 -926.05504 0.09812 
-918.31036 -925.91325 0.09486 
-918.26563 -925.97794 0.09894 
-918.23424 -926.03159 0.10219 
-918.12486 -925.85783 0.09633 
-918.41813 -925.94267 0.09388 
-918.03471 -925.80367 0.09575 
-918.36470 -925.83174 0.08978 
-918.33408 -925.91985 0.09465 
-919.11240 -926.21323 0.09139 
-918.88118 -926.07143 0.08975 
-918.65397 -926.00049 0.09141 
-918.40298 -925.97557 0.09578 
-918.18790 -925.91877 0.09784 
-918.22717 -925.90760 0.09644 
-918.40912 -925.99010 0.09634 
-918.36889 -925.96923 0.09623 
-917.70187 -925.86045 0.10583 
-917.57540 -925.88758 0.10992 
-917.40661 -925.85011 0.11187 
-917.28982 -925.68947 0.10681 
-917.25332 -925.67943 0.10714 
-917.09237 -925.66717 0.11012 
-916.79186 -925.60415 0.11378 
-917.03135 -925.74478 0.11517 
-917.26968 -925.79528 0.11230 
-917.26522 -925.73882 0.10971 
-916.73327 -925.65031 0.11727 
-916.90121 -925.71705 0.11673 
-917.21443 -925.78597 0.11308 
-917.10622 -925.74784 0.11366 
-917.33166 -925.80728 0.11150 
-917.46964 -925.88402 0.11209 
-917.77027 -925.98231 0.11011 
-917.29533 -925.85033 0.11435 
-917.36997 -925.90892 0.11549 
-917.21024 -925.78457 0.11310 
-917.62570 -925.88331 0.10860 
-917.74346 -925.93463 0.10844 
-917.70981 -926.00085 0.11234 
-918.00170 -926.09063 0.11015 
-917.71916 -925.93293 0.10890 
-917.40163 -925.76921 0.10813 
-917.36447 -925.78029 0.10948 
-917.34914 -925.81475 0.11146 
-917.89630 -926.07994 0.11197 
-918.06149 -926.11779 0.11012 
-917.16745 -925.83920 0.11665 
-917.11030 -925.86099 0.11896 
-917.36043 -925.95639 0.11796 
-917.39056 -925.93841 0.11643 
-917.03991 -925.88777 0.12179 
-917.45530 -925.93930 0.11504 
-917.48690 -925.96957 0.11578 
-917.98327 -926.19450 0.11550 
-918.10366 -926.21745 0.11393 
-917.98893 -926.13249 0.11242 
-918.32145 -926.26057 0.11116 
-918.17812 -926.08005 0.10574 
-918.31101 -926.10780 0.10411 
-917.99659 -926.06308 0.10895 
-917.43578 -925.69963 0.10406 
-917.45772 -925.82768 0.10967 
-917.68418 -925.91509 0.10882 
-917.72716 -925.90981 0.10762 
-917.58982 -925.86852 0.10869 
-917.23483 -925.79171 0.11290 
-916.46665 -925.56814 0.11927 
-916.21613 -925.44367 0.11889 
-916.33866 -925.48488 0.11814 
-916.84055 -925.71572 0.11801 
-916.96519 -925.68484 0.11378 
-917.37246 -925.77464 0.10904 
-917.31994 -925.66206 0.10484 
-917.65051 -925.77231 0.10277 
-917.33470 -925.60173 0.10164 
-917.11161 -925.47823 0.10070 
-916.90479 -925.39983 0.10155 
-916.92252 -925.52073 0.10691 
-917.46873 -925.78615 0.10745 
-917.83602 -925.91454 0.10543 
-917.82271 -925.86598 0.10341 
-918.12897 -925.97561 0.10185 
-918.10739 -925.99572 0.10329 
-918.06397 -926.05732 0.10718 
-917.94850 -926.06716 0.11021 
-917.60085 -925.94129 0.11191 
-917.90503 -926.15196 0.11521 
-917.62168 -926.01312 0.11487 
-917.89330 -926.01040 0.10873 
-917.74759 -926.07379 0.11497 
-917.60082 -925.92979 0.11137 
-917.14573 -925.70977 0.11097 
-916.90744 -925.67715 0.11469 
-916.50935 -925.56558 0.11820 
-916.77949 -925.80509 0.12362 
-916.33053 -925.72143 0.12958 
-916.54714 -925.72759 0.12508 
-917.03514 -925.90855 0.12288 
-916.87891 -925.82561 0.12240 
-916.99303 -925.87983 0.12245 
-916.78863 -925.73973 0.12031 
-916.45198 -925.64040 0.12303 
-916.40208 -925.60733 0.12256 
-916.72113 -925.70068 0.11994 
-916.69061 -925.66253 0.11880 
-916.57621 -925.58775 0.11777 
-916.48858 -925.57418 0.11907 
-916.95975 -925.80764 0.11975 
-917.05110 -925.83358 0.11896 
-917.27156 -925.88431 0.11649 
-917.60091 -925.94230 0.11196 
-917.76765 -926.03762 0.11281 
-917.64191 -925.98240 0.11296 
-917.07663 -925.75043 0.11444 
-917.03987 -925.74289 0.11489 
-916.72809 -925.60825 0.11539 
-916.90308 -925.61637 0.11190 
-917.19559 -925.63821 0.10646 
-917.26562 -925.71120 0.10838 
-917.09799 -925.65788 0.10956 
-917.17317 -925.72016 0.11086 
-917.75268 -925.94494 0.10873 
-918.39563 -926.18460 0.10590 
-918.30346 -926.17174 0.10733 
-918.02031 -926.03849 0.10725 
-918.42708 -926.21881 0.10683 
-918.12729 -926.10510 0.10805 
-917.87892 -925.96141 0.10671 
-917.57426 -925.84800 0.10806 
-917.69452 -925.97100 0.11125 
-918.31379 -926.13264 0.10524 
-918.46984 -926.22766 0.10630 
-918.17814 -925.99832 0.10184 
-918.03775 -925.90817 0.10066 
-918.22749 -926.06388 0.10387 
-918.22321 -926.03517 0.10260 
-917.92023 -925.97622 0.10650 
-917.95988 -925.97759 0.10569 
-917.77019 -925.90536 0.10645 
-917.92594 -925.94556 0.10492 
-918.03173 -925.97225 0.10385 
-917.97328 -926.00257 0.10658 
-918.38606 -926.18830 0.10629 
-918.33481 -926.03862 0.10029 
-918.10232 -925.99344 0.10329 
-918.30926 -925.99783 0.09892 
-918.41698 -926.19655 0.10599 
-918.40715 -926.14728 0.10386 
-918.66838 -926.23822 0.10241 
-918.85074 -926.36986 0.10464 
-918.81710 -926.32688 0.10334 
-919.09909 -926.25246 0.09355 
-918.70497 -926.15129 0.09746 
-918.97780 -926.19963 0.09372 
-919.45281 -926.30875 0.08839 
-919.57600 -926.44339 0.09208 
-919.14699 -926.29476 0.09450 
-919.10833 -926.29471 0.09536 
-918.82137 -926.16036 0.09531 
-918.54380 -926.11099 0.09911 
-918.12806 -925.86515 0.09661 
-918.23234 -925.89616 0.09578 
-918.01532 -925.75621 0.09392 
-918.28244 -925.88130 0.09396 
-917.97800 -925.77795 0.09578 
-917.64459 -925.75363 0.10201 
-917.64599 -925.77655 0.10307 
-917.62097 -925.82006 0.10570 
-917.57804 -925.83906 0.10755 
-917.45125 -925.81082 0.10901 
-917.54874 -925.81202 0.10691 
-917.48398 -925.72200 0.10406 
-917.12664 -925.71401 0.11159 
-916.85583 -925.62659 0.11343 
-916.59450 -925.54203 0.11519 
-917.21378 -925.76614 0.11215 
-917.58786 -925.97167 0.11365 
-917.62284 -925.84331 0.10676 
-917.63677 -925.87758 0.10808 
-917.43098 -925.84340 0.11101 
-917.60350 -925.83836 0.10695 
-917.49883 -925.74552 0.10485 
-917.89562 -925.80826 0.09905 
-917.74807 -925.77270 0.10063 
-918.02552 -925.88913 0.10002 
-917.79030 -925.79392 0.10070 
-917.44366 -925.71219 0.10449 
-917.77367 -925.88930 0.10561 
-918.10448 -926.11920 0.10923 
-917.90531 -926.09975 0.11272 
-917.65727 -925.96769 0.11192 
-917.34610 -925.85964 0.11367 
-917.60218 -925.85055 0.10756 
-917.69336 -925.90293 0.10804 
-917.73959 -925.89705 0.10673 
-917.89469 -926.01848 0.10908 
-917.28645 -925.92448 0.11808 
-916.71668 -925.64106 0.11720 
-916.87765 -925.56843 0.11018 
-917.33719 -925.62943 0.10290 
-917.34108 -925.59306 0.10109 
-917.17043 -925.57748 0.10412 
-917.29269 -925.61020 0.10297 
-917.42215 -925.67606 0.10324 
-917.63294 -925.83482 0.10613 
-917.96460 -925.92550 0.10311 
-918.25449 -926.09878 0.10494 
-918.16391 -926.11469 0.10770 
-918.27321 -926.24385 0.11143 
-917.92607 -926.15521 0.11490 
-917.88777 -926.10237 0.11323 
-917.35161 -925.86462 0.11378 
-917.50954 -925.86955 0.11052 
-917.99943 -926.08066 0.10972 
-917.46561 -925.84835 0.11048 
-917.55966 -925.90047 0.11088 
-917.46941 -925.91206 0.11343 
-917.15505 -925.87725 0.11874 
-917.12168 -925.94906 0.12290 
-917.37329 -926.01278 0.12036 
-917.19102 -926.00740 0.12414 
-917.33049 -925.93584 0.11764 
-916.92781 -925.75379 0.11789 
-916.93246 -925.69616 0.11505 
-917.08103 -925.69369 0.11164 
-917.60773 -925.83157 0.10654 
-917.78908 -925.86663 0.10419 
-917.55453 -925.71174 0.10201 
-917.69820 -925.82681 0.10431 
-917.68898 -925.83697 0.10499 
-917.67538 -925.82787 0.10486 
-917.98016 -926.00999 0.10678 
-918.00092 -926.04448 0.10797 
-917.30858 -925.81866 0.11255 
-917.38196 -925.84560 0.11221 
-916.48946 -925.56357 0.11854 
-916.89425 -925.70892 0.11650 
-916.60507 -925.56629 0.11611 
-916.50501 -925.58639 0.11929 
-916.63299 -925.61413 0.11777 
-916.34598 -925.52306 0.11979 
-916.68467 -925.70576 0.12099 
-917.10687 -925.95277 0.12340 
-916.90816 -925.90315 0.12544 
-916.78701 -925.84217 0.12522 
-916.76082 -925.82039 0.12476 
-916.82166 -925.83828 0.12427 
-916.68000 -925.86113 0.12849 
-916.67903 -925.83364 0.12720 
-916.51972 -925.72443 0.12553 
-917.29366 -926.08184 0.12541 
-917.15359 -925.96319 0.12286 
-916.81382 -925.77484 0.12142 
-916.74642 -925.76000 0.12221 
-916.76278 -925.74436 0.12110 
-916.49355 -925.61286 0.12080 
-916.66557 -925.64644 0.11859 
-917.35358 -925.80792 0.11104 
-917.18302 -925.75091 0.11210 
-917.53922 -925.90754 0.11167 
-917.21274 -925.80887 0.11420 
-917.30020 -925.81207 0.11242 
-917.33775 -925.89965 0.11576 
-917.08241 -925.79865 0.11660 
-917.26844 -925.86879 0.11582 
-917.62850 -925.93535 0.11102 
-917.09158 -925.89815 0.12114 
-916.98231 -925.86958 0.12220 
-916.99295 -925.87631 0.12228 
-916.38503 -925.65602 0.12526 
-916.29832 -925.68245 0.12844 
-916.52993 -925.73824 0.12596 
-917.01688 -925.89600 0.12269 
-917.03601 -925.91424 0.12314 
-917.03864 -925.82211 0.11869 
-916.70212 -925.64780 0.11784 
-917.15598 -925.82497 0.11623 
-917.24768 -925.88817 0.11721 
-917.52979 -925.95088 0.11394 
-917.73025 -925.96755 0.11030 
-917.80223 -925.96563 0.10861 
-917.38001 -925.76750 0.10853 
-916.83293 -925.58144 0.11179 
-917.49390 -925.79629 0.10738 
-917.19039 -925.62053 0.10573 
-916.48696 -925.48793 0.11500 
-916.78632 -925.58116 0.11281 
-916.91107 -925.58042 0.11001 
-917.01615 -925.64766 0.11088 
-917.42999 -925.72582 0.10544 
-918.07716 -925.97494 0.10297 
-918.26165 -926.02583 0.10130 
-918.86080 -926.20391 0.09651 
-918.80566 -926.17723 0.09646 
-918.11163 -925.90007 0.09864 
-918.12814 -925.93885 0.10012 
-917.98015 -925.86641 0.09995 
-918.03194 -925.77693 0.09454 
-918.25376 -925.87709 0.09440 
-918.00627 -925.73511 0.09312 
-917.59432 -925.54292 0.09309 
-917.74834 -925.63869 0.09424 
-918.05675 -925.76343 0.09335 
-917.71518 -925.68751 0.09730 
-917.93140 -925.78288 0.09705 
-917.70670 -925.69525 0.09785 
-917.42306 -925.63865 0.10144 
-917.69222 -925.87268 0.10662 
-917.62728 -925.81132 0.10514 
-917.56171 -925.74223 0.10330 
-918.03941 -925.84034 0.09739 
-917.92292 -925.85473 0.10066 
-918.05138 -925.90023 0.09998 
-917.86629 -925.92328 0.10518 
-917.67985 -925.97244 0.11165 
-917.57229 -925.87705 0.10949 
-917.40401 -925.85900 0.11235 
-917.53178 -925.90851 0.11188 
-917.87508 -926.00604 0.10892 
-918.05577 -926.05048 0.10704 
-918.37041 -926.18894 0.10666 
-918.27651 -926.16784 0.10774 
-918.03364 -926.07589 0.10874 
-918.20872 -926.16515 0.10911 
-918.11161 -926.14442 0.11027 
-917.69346 -925.97318 0.11138 
-917.52121 -925.99309 0.11614 
-917.87467 -926.10743 0.11376 
-917.80669 -926.07228 0.11359 
-917.85246 -926.07160 0.11255 
-917.50426 -925.87718 0.11100 
-917.47522 -925.80966 0.10843 
-917.49922 -925.81352 0.10808 
-917.58662 -925.87782 0.10921 
-917.54908 -925.76012 0.10443 
-917.04627 -925.65222 0.11043 
-917.10404 -925.70298 0.11157 
-917.55312 -925.84701 0.10848 
-917.61908 -925.90687 0.10987 
-917.43118 -925.84770 0.11122 
-917.57102 -925.91574 0.11136 
-917.79420 -926.00122 0.11049 
-917.91632 -926.05853 0.11051 
-917.41879 -925.81304 0.10984 
-917.41586 -925.87550 0.11288 
-918.05685 -926.06105 0.10752 
-917.83994 -925.93909 0.10651 
-918.17997 -926.07102 0.10527 
-918.11479 -925.99637 0.10315 
-918.26466 -926.05339 0.10255 
-918.58731 -926.22168 0.10342 
-918.51749 -926.14126 0.10113 
-918.37627 -926.07479 0.10110 
-918.55686 -926.10443 0.09851 
-918.36294 -926.09051 0.10214 
-917.54646 -925.80005 0.10639 
-918.30724 -926.06716 0.10226 
-918.64386 -926.23021 0.10257 
-918.30235 -926.15734 0.10667 
-918.36648 -926.26824 0.11053 
-918.42822 -926.20301 0.10605 
-918.28466 -926.15841 0.10711 
-918.43141 -926.21368 0.10649 
-918.75763 -926.31244 0.10397 
-919.10536 -926.41476 0.10114 
-918.73719 -926.31179 0.10439 
-918.62916 -926.37303 0.10970 
-918.38329 -926.38504 0.11572 
-918.49738 -926.37145 0.11254 
-917.87838 -926.08389 0.11256 
-917.93359 -926.03053 0.10879 
-918.23292 -926.11622 0.10624 
-918.13988 -926.12192 0.10858 
-918.28690 -926.03504 0.10118 
-917.90895 -925.98482 0.10716 
-917.74385 -926.00701 0.11188 
-917.53448 -925.83870 0.10850 
-917.32521 -925.81689 0.11210 
-917.58880 -926.01501 0.11569 
-917.31390 -925.92216 0.11736 
-917.53147 -926.02875 0.11762 
-917.55116 -926.04649 0.11802 
-917.55392 -926.02265 0.11683 
-917.40956 -925.91865 0.11507 
-917.63192 -925.99189 0.11364 
-917.36396 -925.94573 0.11737 
-917.22076 -925.93291 0.11993 
-917.45450 -925.89641 0.11302 
-917.22390 -925.82904 0.11492 
-917.23043 -925.75422 0.11121 
-917.40822 -925.83006 0.11088 
-917.60288 -925.92775 0.11122 
-917.40804 -925.90853 0.11462 
-917.36916 -925.91850 0.11596 
-916.85133 -925.77553 0.12062 
-916.53706 -925.66888 0.12250 
-916.83862 -925.80783 0.12244 
-916.67317 -925.78025 0.12479 
-917.68585 -926.12222 0.11865 
-917.87018 -926.13707 0.11527 
-917.47345 -925.94502 0.11491 
-918.15139 -926.10405 0.10747 
-917.46744 -925.87161 0.11155 
-917.44248 -925.80036 0.10871 
-918.26753 -926.11551 0.10544 
-917.95061 -925.99763 0.10685 
-918.07369 -926.12625 0.11025 
-917.76477 -925.95244 0.10881 
-917.54480 -925.90864 0.11160 
-917.56411 -925.89955 0.11074 
-918.06163 -926.08264 0.10844 
-917.87480 -925.99751 0.10852 
-917.49953 -925.86005 0.11029 
-917.78444 -926.02248 0.11171 
-917.58891 -925.92564 0.11143 
-917.76390 -926.06078 0.11399 
-917.78573 -925.94216 0.10786 
-917.91883 -926.05478 0.11028 
-918.29882 -926.16414 0.10707 
-918.34245 -926.21636 0.10859 
-917.92498 -926.04909 0.10987 
-917.64416 -925.95253 0.11149 
-917.82626 -925.95084 0.10738 
-917.43710 -925.70230 0.10416 
-917.11785 -925.62918 0.10775 
-917.21609 -925.72274 0.11003 
-917.69648 -925.84310 0.10512 
-917.81437 -925.92121 0.10623 
-918.29335 -926.03456 0.10102 
-917.83754 -925.80300 0.10009 
-917.28674 -925.61783 0.10347 
-917.05266 -925.56827 0.10629 
-917.31384 -925.70183 0.10687 
-917.51252 -925.70672 0.10270 
-918.07884 -925.94819 0.10166 
-918.29294 -926.11453 0.10484 
-918.22440 -926.16239 0.10863 
-917.96671 -926.14280 0.11341 
-917.16140 -925.81603 0.11568 
-917.41355 -925.89843 0.11402 
-917.18589 -925.89778 0.11903 
-916.86372 -925.72040 0.11772 
-916.83433 -925.75950 0.12023 
-916.41099 -925.71572 0.12753 
-916.75887 -925.82958 0.12524 
-916.94773 -925.94493 0.12655 
-916.94660 -925.88597 0.12377 
-917.03135 -925.97849 0.12630 
-917.26102 -926.05565 0.12489 
-917.50426 -926.09141 0.12120 
-918.02111 -926.22498 0.11611 
-917.93689 -926.18298 0.11598 
-917.62105 -925.95347 0.11205 
-917.52039 -925.90523 0.11198 
-917.27889 -925.81770 0.11316 
-917.29065 -925.86930 0.11536 
-917.30739 -925.80666 0.11200 
-917.15256 -925.79466 0.11486 
-917.48916 -925.93404 0.11404 
-917.38943 -925.90838 0.11503 
-917.09919 -925.87583 0.11991 
-917.22997 -925.87085 0.11677 
-917.06288 -925.76643 0.11550 
-917.13094 -925.82054 0.11657 
-917.07654 -925.87994 0.12061 
-916.87566 -925.91319 0.12664 
-916.89320 -925.75813 0.11887 
-917.25566 -925.88348 0.11681 
-916.67429 -925.65072 0.11860 
-916.33361 -925.55363 0.12152 
-916.69216 -925.62767 0.11711 
-916.73722 -925.50162 0.11011 
-916.79966 -925.49080 0.10821 
-917.50522 -925.72802 0.10388 
-917.30385 -925.61210 0.10282 
-917.61185 -925.74267 0.10221 
-917.92700 -925.90433 0.10293 
-917.91926 -925.84604 0.10033 
-918.34832 -925.99212 0.09778 
-918.56006 -926.13175 0.09974 
-918.56858 -926.11395 0.09870 
-918.35265 -925.96186 0.09624 
-918.42588 -925.96157 0.09461 
-918.70211 -926.02309 0.09142 
-918.81323 -926.13831 0.09444 
-918.88452 -926.16383 0.09408 
-918.70996 -926.08352 0.09412 
-918.38579 -926.05048 0.09973 
-918.74141 -926.13037 0.09566 
-919.07322 -926.35574 0.09904 
-918.47064 -926.18619 0.10431 
-918.47093 -926.17382 0.10372 
-918.40658 -926.15302 0.10415 
-918.36619 -926.16448 0.10559 
-918.64702 -926.27347 0.10456 
-918.85677 -926.32384 0.10231 
-918.21686 -926.07964 0.10486 
-917.26195 -925.74053 0.10986 
-918.01728 -926.05095 0.10791 
-917.56306 -925.82765 0.10734 
-917.86041 -925.89930 0.10417 
-917.46704 -925.84353 0.11022 
-917.77273 -925.98264 0.11008 
-917.91651 -926.03034 0.10916 
-918.10798 -926.10816 0.10863 
-918.22011 -926.08079 0.10484 
-917.84520 -925.94465 0.10666 
-917.89598 -925.92983 0.10483 
-917.53191 -925.89915 0.11143 
-917.63070 -925.91551 0.11003 
-917.67547 -925.86926 0.10683 
-917.61344 -925.81741 0.10574 
-917.33978 -925.73303 0.10778 
-917.24631 -925.69894 0.10823 
-917.87247 -925.85388 0.10174 
-917.89563 -925.85080 0.10108 
-917.87419 -925.87697 0.10280 
-917.65628 -925.82507 0.10515 
-917.56487 -925.84531 0.10814 
-918.04230 -926.05815 0.10770 
-918.14229 -926.06502 0.10581 
-918.40834 -926.19824 0.10627 
-918.02624 -925.97365 0.10403 
-917.98975 -926.01405 0.10677 
-918.24353 -926.15094 0.10766 
-917.97799 -926.05080 0.10878 
-917.72386 -925.96711 0.11042 
-917.69204 -926.01766 0.11353 
-917.70515 -926.00855 0.11281 
-917.64121 -925.96925 0.11235 
-917.47013 -925.93286 0.11441 
-917.36014 -925.96597 0.11842 
-917.10900 -925.87968 0.11987 
-917.23932 -925.96427 0.12102 
-917.42300 -925.99277 0.11830 
-917.51808 -926.08688 0.12068 
-917.53264 -926.18780 0.12516 
-917.22868 -925.89669 0.11803 
-917.05008 -925.74472 0.11475 
-916.91299 -925.84840 0.12273 
-917.33457 -925.92009 0.11680 
-917.16530 -925.82338 0.11595 
-916.80457 -925.78548 0.12213 
-917.31269 -925.89391 0.11604 
-917.27523 -925.81431 0.11308 
-917.32648 -925.78360 0.11048 
-916.90875 -925.59200 0.11061 
-917.45712 -925.68780 0.10303 
-917.27282 -925.66461 0.10600 
-917.65933 -925.82113 0.10490 
-917.74161 -925.83822 0.10389 
-917.13755 -925.62305 0.10702 
-916.83458 -925.61933 0.11355 
-917.41788 -925.85270 0.11175 
-917.69262 -925.87824 0.10688 
-917.99287 -926.01341 0.10667 
-918.24706 -926.08755 0.10457 
-918.41306 -926.17940 0.10526 
-918.12950 -926.10458 0.10798 
-917.95923 -926.02397 0.10791 
-917.63941 -925.91622 0.10987 
-917.68012 -925.95722 0.11092 
-917.84765 -926.07778 0.11295 
-917.89029 -926.16361 0.11609 
-918.09877 -926.14805 0.11073 
-917.61978 -925.89381 0.10923 
-917.66304 -925.91090 0.10909 
-917.85970 -925.96818 0.10746 
-918.05478 -925.97760 0.10359 
-917.64673 -925.82285 0.10526 
-917.77352 -925.85196 0.10384 
-917.48791 -925.82172 0.10872 
-917.17448 -925.70747 0.11022 
-917.60545 -925.80440 0.10529 
-917.38708 -925.70575 0.10543 
-917.26735 -925.66153 0.10598 
-917.65338 -925.81950 0.10495 
-917.71225 -925.78082 0.10181 
-917.32985 -925.60511 0.10191 
-917.67144 -925.79262 0.10327 
-917.62231 -925.78805 0.10414 
-917.16216 -925.63096 0.10685 
-917.11276 -925.62711 0.10776 
-917.42697 -925.78942 0.10853 
-917.14002 -925.70800 0.11101 
-917.33997 -925.82308 0.11206 
-916.74290 -925.56885 0.11318 
-916.61659 -925.50847 0.11310 
-916.99675 -925.63877 0.11089 
-916.93561 -925.69576 0.11496 
-916.73870 -925.53299 0.11157 
-916.39090 -925.35365 0.11073 
-916.24835 -925.25815 0.10934 
-916.85510 -925.55469 0.11002 
-916.53673 -925.32629 0.10620 
-916.84338 -925.46788 0.10615 
-916.42015 -925.30587 0.10781 
-916.56425 -925.36453 0.10741 
-916.38859 -925.29356 0.10792 
-916.76621 -925.41853 0.10551 
-916.28924 -925.31423 0.11110 
-915.93391 -925.20678 0.11386 
-916.02255 -925.40230 0.12120 
-916.10210 -925.35350 0.11712 
-916.09567 -925.34181 0.11670 
-916.49793 -925.50492 0.11556 
-916.97926 -925.73617 0.11591 
-917.42625 -925.98341 0.11779 
-917.60234 -926.11631 0.12022 
-917.74959 -926.16316 0.11919 
-917.91980 -926.15798 0.11517 
-917.80214 -926.15435 0.11760 
-917.36555 -925.92296 0.11625 
-916.55773 -925.61109 0.11929 
-917.16568 -925.85350 0.11737 
-917.44559 -926.00854 0.11856 
-917.42301 -926.00215 0.11875 
-917.65993 -926.05408 0.11598 
-917.68775 -926.08766 0.11696 
-917.27030 -925.80415 0.11270 
-917.11211 -925.83663 0.11776 
-917.48895 -926.00449 0.11740 
-917.60758 -926.11186 0.11989 
-917.26394 -926.01258 0.12277 
-917.61328 -926.10382 0.11938 
-917.19307 -925.99189 0.12336 
-917.45420 -925.99619 0.11778 
-917.80090 -926.07319 0.11376 
-917.29024 -925.84275 0.11410 
-917.41651 -925.92248 0.11510 
-917.69465 -926.07855 0.11637 
-916.88724 -925.76111 0.11914 
-916.82150 -925.73775 0.11948 
-917.15459 -925.86074 0.11796 
-917.29771 -925.92837 0.11801 
-916.98626 -925.83003 0.12023 
-916.90323 -925.77911 0.11964 
-917.12941 -925.93014 0.12182 
-916.74041 -925.83160 0.12575 
-916.45726 -925.67803 0.12471 
-916.45003 -925.72143 0.12693 
-916.86368 -925.76027 0.11962 
-916.32030 -925.54101 0.12122 
-916.49383 -925.65112 0.12262 
-916.38722 -925.52831 0.11913 
-916.31560 -925.50033 0.11938 
-917.08187 -925.90358 0.12161 
-917.17458 -925.96006 0.12225 
-917.52803 -926.04385 0.11841 
-917.23700 -925.94429 0.12012 
-917.19766 -925.85857 0.11691 
-917.31833 -925.92947 0.11761 
-917.07427 -925.97221 0.12505 
-917.03767 -925.89081 0.12198 
-916.46952 -925.63057 0.12218 
-916.67585 -925.66766 0.11937 
-916.58707 -925.60794 0.11849 
-916.41031 -925.62433 0.12319 
-916.92763 -925.83374 0.12170 
-916.75451 -925.78949 0.12343 
-916.60639 -925.85986 0.13006 
-917.03229 -926.05113 0.12974 
-916.71750 -926.00390 0.13446 
-917.16303 -926.19262 0.13358 
-917.00222 -926.06333 0.13098 
-917.43009 -926.20218 0.12812 
-917.37536 -926.11244 0.12506 
-917.27691 -926.05453 0.12448 
-917.05659 -926.12367 0.13265 
-917.07706 -926.02668 0.12758 
-916.79111 -926.00016 0.13265 
-916.99524 -926.01547 0.12886 
-917.12285 -925.99336 0.12498 
-916.83296 -926.00637 0.13202 
-916.85452 -926.01586 0.13200 
-916.99362 -926.05194 0.13063 
-917.26974 -925.99197 0.12166 
-916.67504 -925.81249 0.12629 
-916.71122 -925.71224 0.12071 
-916.89755 -925.77417 0.11953 
-917.13905 -925.83895 0.11727 
-916.83341 -925.72067 0.11841 
-916.79771 -925.79823 0.12289 
-917.02635 -925.80923 0.11835 
-917.21793 -925.85708 0.11639 
-917.29465 -926.01879 0.12239 
-916.95713 -925.72033 0.11565 
-916.82192 -925.70040 0.11770 
-916.59391 -925.71588 0.12348 
-916.64146 -925.63264 0.11847 
-916.90330 -925.74790 0.11815 
-917.15983 -925.87517 0.11853 
-917.13633 -925.88827 0.11968 
-917.44058 -925.94365 0.11558 
-917.66860 -925.97424 0.11198 
-918.01388 -926.19505 0.11485 
-917.42379 -925.96525 0.11698 
-916.97543 -925.78762 0.11845 
-917.24238 -925.84548 0.11529 
-917.43496 -925.96381 0.11666 
-917.15656 -925.86616 0.11818 
-916.83187 -925.73673 0.11920 
-917.11635 -925.74286 0.11320 
-917.10503 -925.72783 0.11273 
-917.43090 -925.87233 0.11239 
-917.27871 -925.84486 0.11446 
-917.13668 -925.81925 0.11638 
-916.90879 -925.84285 0.12255 
-917.16166 -925.86533 0.11802 
-917.11999 -925.76247 0.11405 
-916.99313 -925.74860 0.11620 
-916.92024 -925.72717 0.11679 
-916.72588 -925.66666 0.11822 
-916.73936 -925.58563 0.11406 
-916.82480 -925.67692 0.11651 
-917.12758 -925.89574 0.12023 
-917.26253 -925.79652 0.11251 
-917.36560 -925.83667 0.11214 
-917.53504 -925.91510 0.11212 
-917.83022 -925.97302 0.10835 
-917.92898 -925.95506 0.10530 
-918.13895 -926.04403 0.10489 
-917.55402 -925.90294 0.11113 
-917.66593 -925.89760 0.10839 
-917.67527 -925.92878 0.10967 
-917.97519 -926.00201 0.10651 
-917.43478 -925.89071 0.11318 
-917.68734 -925.94475 0.11016 
-917.93090 -925.97733 0.10632 
-917.95275 -926.00455 0.10713 
-917.96740 -926.02689 0.10787 
-917.52757 -925.86626 0.10996 
-917.64830 -925.86732 0.10734 
-917.18170 -925.72472 0.11088 
-916.84861 -925.52269 0.10864 
-917.31623 -925.74599 0.10892 
-917.52149 -925.89736 0.11158 
-917.75672 -926.00604 0.11155 
-917.97246 -926.11840 0.11212 
-917.95912 -926.09875 0.11148 
-917.96063 -926.03958 0.10863 
-917.88730 -926.07606 0.11199 
-917.96560 -926.14189 0.11339 
-918.11263 -926.17929 0.11191 
-917.70776 -926.02676 0.11362 
-917.35776 -925.85628 0.11325 
-916.37366 -925.42755 0.11463 
-916.92266 -925.69238 0.11508 
-917.02913 -925.71578 0.11384 
-917.14918 -925.74860 0.11274 
-917.26439 -925.85170 0.11510 
-916.54649 -925.57123 0.11764 
-916.51244 -925.57378 0.11852 
-916.61505 -925.67387 0.12101 
-916.98278 -925.83943 0.12075 
-917.25431 -925.95804 0.12039 
-917.45261 -926.03200 0.11952 
-917.71199 -926.01712 0.11306 
-917.27470 -925.98653 0.12129 
-917.51644 -926.19672 0.12595 
-917.61226 -926.19925 0.12395 
-917.50434 -926.15572 0.12426 
-917.69317 -926.26995 0.12552 
-917.50922 -926.16680 0.12468 
-917.56205 -926.19328 0.12477 
-917.82534 -926.23127 0.12075 
-918.14227 -926.31563 0.11775 
-918.12511 -926.27570 0.11623 
-918.06898 -926.21429 0.11455 
-917.62310 -925.90351 0.10962 
-917.64067 -925.86001 0.10716 
-916.87553 -925.62776 0.11305 
-916.28281 -925.33655 0.11231 
-916.62410 -925.49779 0.11243 
-917.02733 -925.55073 0.10602 
-916.98678 -925.54347 0.10657 
-917.26346 -925.60589 0.10342 
-918.02595 -925.90073 0.10057 
-918.18683 -926.02351 0.10285 
-918.31252 -926.16387 0.10675 
-918.53410 -926.27263 0.10702 
-918.38268 -926.12395 0.10330 
-918.48258 -926.14423 0.10205 
-918.08892 -926.08755 0.10807 
-918.38048 -926.11914 0.10312 
-918.26961 -926.06422 0.10296 
-918.16816 -925.99716 0.10201 
-917.60477 -925.77567 0.10394 
-917.28930 -925.55054 0.10021 
-917.23730 -925.50076 0.09899 
-917.51540 -925.60015 0.09756 
-917.43282 -925.61662 0.10018 
-916.71466 -925.37848 0.10474 
-916.88829 -925.52915 0.10807 
-916.40700 -925.38954 0.11208 
-916.72767 -925.56383 0.11328 
-916.60117 -925.59009 0.11733 
-916.44228 -925.59165 0.12093 
-916.63417 -925.68723 0.12123 
-916.69571 -925.72591 0.12171 
-916.73240 -925.84926 0.12677 
-917.08196 -925.90621 0.12174 
-916.92876 -925.80502 0.12031 
-916.93820 -925.89580 0.12442 
-917.03848 -925.96243 0.12538 
-917.08223 -925.97777 0.12514 
-916.88588 -925.88279 0.12496 
-917.24917 -925.98484 0.12178 
-917.31492 -925.89281 0.11594 
-917.47028 -925.98047 0.11667 
-917.74893 -926.04780 0.11371 
-917.70848 -926.04485 0.11446 
-917.86362 -926.02109 0.10989 
-917.63181 -925.94012 0.11117 
-917.58425 -925.94102 0.11227 
-917.06752 -925.71190 0.11280 
-917.14863 -925.72682 0.11172 
-916.71795 -925.60846 0.11562 
-916.98913 -925.69165 0.11358 
-917.17655 -925.73165 0.11133 
-917.19061 -925.63751 0.10653 
-917.18865 -925.60687 0.10512 
-918.07631 -925.92988 0.10084 
-917.26256 -925.65135 0.10560 
-916.86239 -925.57193 0.11068 
-916.99409 -925.64418 0.11120 
-916.84490 -925.61321 0.11303 
-916.47986 -925.53538 0.11741 
-916.84787 -925.68729 0.11650 
-916.81846 -925.62952 0.11440 
-916.71501 -925.59794 0.11518 
-917.25391 -925.78167 0.11200 
-917.67987 -925.96073 0.11109 
-917.72707 -925.83745 0.10417 
-917.73157 -925.81149 0.10284 
-917.44153 -925.77436 0.10749 
-917.43348 -925.74432 0.10624 
-917.73041 -925.95279 0.10959 
-918.37343 -926.11226 0.10294 
-918.01654 -926.05028 0.10790 
-917.86293 -925.99279 0.10856 
-917.66278 -925.88863 0.10803 
-917.58992 -925.83018 0.10687 
-917.72639 -925.88209 0.10631 
-917.87828 -925.92221 0.10486 
-917.60212 -925.82911 0.10654 
-917.60151 -925.83564 0.10687 
-917.56521 -925.81332 0.10661 
-917.45149 -925.77465 0.10729 
-917.69650 -925.83658 0.10481 
-917.20280 -925.70642 0.10955 
-917.48899 -925.82836 0.10901 
-917.35617 -925.69088 0.10541 
-918.10381 -926.03541 0.10526 
-917.99682 -925.96106 0.10409 
-917.68432 -925.81362 0.10399 
-917.41561 -925.68277 0.10371 
-918.01091 -925.82145 0.09713 
-918.44696 -925.97426 0.09474 
-917.96125 -925.87021 0.10055 
-917.20056 -925.65691 0.10724 
-917.85208 -925.91750 0.10522 
-917.82108 -925.79449 0.10005 
-917.91484 -925.87043 0.10159 
-917.93448 -925.82911 0.09918 
-917.84757 -925.74278 0.09700 
-917.56277 -925.69975 0.10126 
-917.89496 -925.91558 0.10418 
-918.06063 -925.97433 0.10330 
-918.34291 -926.09344 0.10272 
-917.72856 -925.89222 0.10675 
-917.44836 -925.74906 0.10614 
-917.30015 -925.68152 0.10620 
-917.01424 -925.59750 0.10854 
-916.91972 -925.61633 0.11153 
-916.81240 -925.57842 0.11210 
-917.37841 -925.78350 0.10933 
-917.71197 -925.89242 0.10713 
-918.25438 -926.11040 0.10549 
-918.03647 -926.02278 0.10615 
-917.87451 -926.03219 0.11018 
-917.76341 -926.01467 0.11181 
-917.85579 -926.00128 0.10912 
-917.81923 -926.03495 0.11154 
-917.82745 -925.98275 0.10887 
-917.78699 -925.97339 0.10932 
-917.72853 -925.89923 0.10708 
-917.86298 -925.99544 0.10869 
-917.99470 -926.07663 0.10964 
-918.26069 -926.18267 0.10879 
-917.90992 -925.95164 0.10556 
-917.98570 -925.94060 0.10336 
-918.14117 -926.05781 0.10550 
-917.93833 -925.83655 0.09945 
-917.87783 -925.96454 0.10689 
-918.20253 -926.08465 0.10541 
-918.13635 -926.07460 0.10640 
-917.57324 -925.91155 0.11111 
-917.89051 -926.00530 0.10855 
-917.86014 -925.93288 0.10577 
-918.01225 -925.96532 0.10395 
-918.10024 -925.92631 0.10014 
-917.95340 -925.85686 0.10009 
-917.43320 -925.51493 0.09532 
-917.54705 -925.61478 0.09756 
-917.28073 -925.60523 0.10300 
-916.86883 -925.49731 0.10699 
-916.93365 -925.49005 0.10520 
-916.58737 -925.47401 0.11211 
-916.95357 -925.61272 0.11060 
-917.14722 -925.65577 0.10837 
-916.90490 -925.60003 0.11108 
-917.13962 -925.74344 0.11271 
-917.36036 -925.63197 0.10251 
-917.30206 -925.60402 0.10247 
-917.80782 -925.70899 0.09627 
-917.45501 -925.69541 0.10344 
-916.97552 -925.63747 0.11130 
-917.23033 -925.76622 0.11178 
-917.25974 -925.74509 0.11013 
-917.48577 -925.78307 0.10693 
-917.21015 -925.74405 0.11118 
-917.48822 -925.93193 0.11396 
-917.26923 -925.90872 0.11771 
-916.75754 -925.70119 0.11916 
-916.96929 -925.64566 0.11182 
-917.12915 -925.68772 0.11029 
-916.97322 -925.64562 0.11174 
-916.93351 -925.58504 0.10973 
-916.77881 -925.53706 0.11087 
-916.29491 -925.33932 0.11217 
-916.87225 -925.52534 0.10824 
-916.96366 -925.51409 0.10568 
-917.33101 -925.65509 0.10426 
-917.64204 -925.79307 0.10394 
-917.62569 -925.80009 0.10464 
-917.91772 -925.96352 0.10595 
-918.20483 -926.16233 0.10906 
-918.17752 -926.17018 0.11004 
-917.83919 -925.95969 0.10751 
-917.07799 -925.64474 0.10937 
-917.15188 -925.74444 0.11248 
-917.03777 -925.68960 0.11240 
-917.29637 -925.76251 0.11014 
-917.09231 -925.72032 0.11266 
-917.29530 -925.81708 0.11277 
-916.92708 -925.71044 0.11584 
-916.88649 -925.75357 0.11880 
-917.20236 -925.81635 0.11479 
-917.06059 -925.79449 0.11689 
-917.10487 -925.78158 0.11529 
-916.53162 -925.62349 0.12046 
-916.74745 -925.71894 0.12023 
-916.96386 -925.82043 0.12027 
-917.05165 -925.88023 0.12117 
-916.81557 -925.86184 0.12552 
-916.74409 -925.91621 0.12970 
-917.21697 -926.01533 0.12394 
-917.24241 -926.02034 0.12362 
-917.24656 -926.02212 0.12361 
-917.01918 -925.92924 0.12422 
-917.17040 -925.98945 0.12374 
-917.25939 -926.05722 0.12500 
