-926.56017 -927.99671 0.01136 
-924.40117 -927.21147 0.02178 
-922.78347 -926.64757 0.03076 
-920.21482 -925.77583 0.04614 
-918.32210 -925.15704 0.05859 
-917.85713 -925.08806 0.06561 
-917.34111 -924.98237 0.07200 
-916.54249 -924.69517 0.07602 
-915.37603 -924.43526 0.08947 
-914.69662 -924.24026 0.09524 
-914.32605 -924.20609 0.10182 
-912.50440 -923.54487 0.11068 
-913.07119 -923.80922 0.11071 
-912.30239 -923.50544 0.11327 
-911.73773 -923.40832 0.12116 
-912.03577 -923.67776 0.12738 
-913.01567 -924.04231 0.12304 
-912.13722 -923.79484 0.13071 
-911.59650 -923.61228 0.13400 
-912.18926 -923.90049 0.13459 
-911.03797 -923.54254 0.14305 
-911.47759 -923.90914 0.15077 
-911.73912 -924.07319 0.15278 
-910.93204 -923.69360 0.15259 
-911.90048 -923.92019 0.14193 
-911.92645 -924.05006 0.14753 
-911.90892 -924.04667 0.14776 
-912.31216 -924.28079 0.14998 
-911.26741 -923.86366 0.15326 
-912.16714 -924.18266 0.14852 
-912.14483 -924.28190 0.15374 
-911.71491 -924.20859 0.15977 
-910.85114 -923.97500 0.16778 
-910.07874 -923.65369 0.16958 
-910.10237 -923.73822 0.17309 
-910.33460 -923.82343 0.17200 
-909.73446 -923.65723 0.17738 
-908.96558 -923.33883 0.17924 
-908.45412 -923.12608 0.18044 
-908.19185 -923.17610 0.18863 
-908.72507 -923.39203 0.18710 
-907.90447 -923.05575 0.18927 
-907.38780 -922.82516 0.18973 
-907.57837 -922.80775 0.18468 
-907.46873 -922.88874 0.19096 
-907.72855 -923.09127 0.19485 
-907.40917 -922.88534 0.19212 
-907.44505 -922.82539 0.18847 
-909.07032 -923.33771 0.17687 
-909.34253 -923.52623 0.17982 
-908.36365 -923.41706 0.19630 
-908.85967 -923.54013 0.19118 
-908.28918 -923.30410 0.19257 
-908.03364 -923.29902 0.19799 
-906.84642 -923.06709 0.21324 
-907.28108 -923.37372 0.21822 
-907.59517 -923.48219 0.21642 
-907.54305 -923.39905 0.21362 
-908.17513 -923.59068 0.20874 
-908.14034 -923.64519 0.21211 
-908.42776 -923.61703 0.20440 
-908.20554 -923.49665 0.20359 
-907.85075 -923.39865 0.20679 
-907.24455 -923.34454 0.21763 
-907.17182 -923.20967 0.21282 
-907.44392 -923.19927 0.20630 
-907.48874 -923.25070 0.20776 
-907.47587 -923.15734 0.20360 
-908.03977 -923.35340 0.20044 
-908.08304 -923.56878 0.20974 
-907.35864 -923.24729 0.21048 
-907.04230 -923.12433 0.21163 
-907.63900 -923.15443 0.19985 
-907.79937 -923.10789 0.19408 
-907.74764 -923.18023 0.19867 
-908.34325 -923.48456 0.19997 
-909.27620 -923.79265 0.19398 
-908.49450 -923.57404 0.20088 
-907.62806 -923.19391 0.20197 
-908.13219 -923.51678 0.20618 
-907.57280 -923.30227 0.20835 
-908.34343 -923.66096 0.20836 
-907.24803 -923.28876 0.21490 
-906.28750 -922.96604 0.22081 
-905.19956 -922.47829 0.22168 
-905.38375 -922.49364 0.21833 
-906.09560 -922.78956 0.21665 
-905.79462 -922.71815 0.21992 
-906.18173 -922.87909 0.21901 
-905.74085 -922.98543 0.23384 
-906.85882 -923.35968 0.22690 
-906.86997 -923.37956 0.22760 
-907.66835 -923.78282 0.22912 
-907.56269 -923.66955 0.22607 
-908.21857 -923.85126 0.22019 
-908.29119 -923.75338 0.21392 
-908.11884 -923.74933 0.21755 
-907.95028 -923.50156 0.20948 
-907.91471 -923.55144 0.21264 
-907.62836 -923.50522 0.21679 
-907.28692 -923.29948 0.21455 
-907.59303 -923.50661 0.21763 
-907.38511 -923.48321 0.22113 
-906.77815 -923.40066 0.23064 
-906.28769 -923.16327 0.23020 
-906.89067 -923.33074 0.22482 
-907.05287 -923.24947 0.21735 
-907.14420 -923.29972 0.21772 
-907.17565 -923.10176 0.20760 
-907.84713 -923.18454 0.19667 
-907.88875 -923.29682 0.20109 
-908.00424 -923.11318 0.18979 
-908.76090 -923.43379 0.18830 
-908.86052 -923.42282 0.18557 
-908.43142 -923.44469 0.19612 
-908.13937 -923.41649 0.20124 
-909.61454 -923.93100 0.19307 
-909.63903 -923.94580 0.19323 
-909.25616 -923.72341 0.19112 
-908.66053 -923.58184 0.19757 
-908.29501 -923.56232 0.20474 
-908.99427 -923.74399 0.19790 
-908.15275 -923.38016 0.19922 
-907.94492 -923.29694 0.19986 
-907.30075 -923.22972 0.21092 
-907.52077 -923.08350 0.19909 
-907.07035 -923.07123 0.20848 
-906.44379 -922.82571 0.21066 
-905.82622 -922.61087 0.21411 
-905.24174 -922.45634 0.21970 
-905.08518 -922.22814 0.21230 
-904.69887 -922.21712 0.22033 
-903.95533 -922.16458 0.23430 
-903.84984 -922.03709 0.23056 
-904.94964 -922.43675 0.22524 
-905.61276 -922.58662 0.21768 
-905.01725 -922.49721 0.22662 
-905.31398 -922.48901 0.21965 
-905.76145 -922.67467 0.21858 
-906.14326 -922.63044 0.20802 
-906.32267 -922.67018 0.20594 
-906.55400 -922.70305 0.20238 
-906.73890 -922.69553 0.19793 
-906.89652 -922.77699 0.19832 
-906.98423 -922.85320 0.20000 
-907.32568 -923.03306 0.20101 
-908.01694 -923.06159 0.18705 
-907.73455 -923.17052 0.19850 
-907.43951 -923.07978 0.20071 
-906.79482 -922.94787 0.20871 
-906.57937 -922.84035 0.20836 
-906.35296 -922.79365 0.21115 
-905.27541 -922.40371 0.21645 
-906.42859 -922.74360 0.20709 
-906.49294 -922.81184 0.20892 
-906.40147 -922.89158 0.21474 
-906.04454 -922.57816 0.20772 
-906.26447 -922.73102 0.21013 
-906.52121 -922.88771 0.21190 
-907.19173 -923.23714 0.21369 
-906.58932 -923.17899 0.22426 
-905.47504 -922.93137 0.23715 
-906.20885 -923.15715 0.23165 
-905.72975 -922.90627 0.23032 
-904.99107 -922.73578 0.23856 
-904.61835 -922.43540 0.23251 
-904.62654 -922.46131 0.23356 
-905.38687 -922.74252 0.23011 
-905.85092 -922.94266 0.22936 
-906.51494 -922.98509 0.21668 
-906.96063 -923.23406 0.21866 
-906.50439 -923.20110 0.22720 
-905.48490 -922.77943 0.22970 
-905.31741 -922.54760 0.22237 
-905.75946 -922.65075 0.21749 
-905.18399 -922.52237 0.22412 
-905.65560 -922.63664 0.21912 
-905.56114 -922.62741 0.22077 
-905.85278 -922.71901 0.21867 
-906.57785 -922.96051 0.21411 
-906.62656 -922.72400 0.20177 
-906.01115 -922.65309 0.21203 
-905.30655 -922.24117 0.20802 
-906.16572 -922.56530 0.20442 
-907.55160 -922.96966 0.19298 
-907.23703 -922.98902 0.20087 
-908.25562 -923.48458 0.20191 
-909.10447 -923.82351 0.19925 
-908.84264 -923.63794 0.19621 
-908.40462 -923.48108 0.19844 
-909.01716 -923.75573 0.19795 
-909.14359 -923.72975 0.19392 
-909.16738 -923.71991 0.19292 
-908.39185 -923.71609 0.20992 
-908.70892 -923.77807 0.20585 
-908.26737 -923.68185 0.21104 
-908.68172 -923.89017 0.21179 
-907.98757 -923.58941 0.21284 
-906.94408 -923.24485 0.21954 
-905.85716 -922.66790 0.21614 
-906.14550 -922.82909 0.21743 
-905.46169 -922.55177 0.21937 
-905.41008 -922.54160 0.22003 
-904.84212 -922.35959 0.22394 
-905.59947 -922.64603 0.22081 
-905.84214 -922.81464 0.22346 
-905.88473 -922.82619 0.22307 
-906.08847 -922.75281 0.21506 
-905.71110 -922.69048 0.22045 
-905.44953 -922.78453 0.23072 
-904.69666 -922.62183 0.23965 
-905.62945 -923.00824 0.23739 
-906.13194 -923.05123 0.22831 
-907.78866 -923.73679 0.22426 
-907.06619 -923.25938 0.21753 
-907.39272 -923.36715 0.21543 
-906.80875 -923.05865 0.21367 
-907.38732 -923.15616 0.20550 
-906.49852 -922.98928 0.21724 
-906.72761 -923.08157 0.21656 
-905.98677 -922.61712 0.21085 
-906.13251 -922.65799 0.20957 
-906.30525 -922.74847 0.21005 
-905.69562 -922.45934 0.20979 
-904.90810 -922.05876 0.20816 
-905.34495 -922.42883 0.21610 
-905.68702 -922.93189 0.23248 
-906.42254 -923.05874 0.22223 
-906.46590 -923.08132 0.22235 
-906.39735 -922.97754 0.21892 
-906.58993 -922.85064 0.20861 
-907.08131 -923.18854 0.21382 
-907.24716 -923.43890 0.22207 
-906.00842 -923.07930 0.23238 
-905.54533 -922.95195 0.23658 
-906.18240 -922.97610 0.22361 
-906.75243 -923.19034 0.22119 
-907.13911 -923.22858 0.21445 
-906.46251 -923.03463 0.22020 
-906.23012 -923.05804 0.22646 
-906.13529 -922.84648 0.21849 
-906.35741 -922.97060 0.21948 
-906.97865 -922.99710 0.20698 
-906.68693 -922.76963 0.20261 
-907.60560 -923.26543 0.20587 
-907.32785 -923.27023 0.21225 
-907.12306 -923.46496 0.22606 
-906.60890 -923.40519 0.23460 
-906.28671 -923.22081 0.23296 
-905.77897 -923.10204 0.23855 
-906.31692 -923.17329 0.23003 
-905.54004 -922.89614 0.23403 
-906.48868 -923.29843 0.23218 
-906.32340 -923.44185 0.24267 
-907.26547 -923.67706 0.23301 
-907.46017 -923.75371 0.23234 
-906.75197 -923.36314 0.22943 
-906.76581 -923.28644 0.22547 
-907.29566 -923.28528 0.21368 
-906.70568 -923.18558 0.22200 
-906.67876 -922.97971 0.21279 
-907.70023 -923.54870 0.21726 
-908.05302 -923.58954 0.21140 
-907.50025 -923.35394 0.21242 
-907.71430 -923.27325 0.20384 
-907.32101 -923.01846 0.20041 
-907.90247 -923.40280 0.20584 
-908.12430 -923.30285 0.19616 
-908.92430 -923.67482 0.19616 
-908.62146 -923.57505 0.19811 
-907.36606 -923.18673 0.20743 
-907.73864 -923.40906 0.20976 
-907.86095 -923.37301 0.20534 
-907.19998 -923.07857 0.20596 
-906.22075 -922.56959 0.20341 
-906.03122 -922.60923 0.20949 
-906.17928 -922.69619 0.21036 
-906.22320 -922.69250 0.20921 
-906.01134 -922.70797 0.21464 
-907.32861 -923.39022 0.21795 
-906.26378 -923.03555 0.22464 
-906.36672 -922.94263 0.21794 
-905.53677 -922.55716 0.21796 
-905.35799 -922.51584 0.21996 
-905.25850 -922.51887 0.22231 
-904.97844 -922.37499 0.22166 
-904.74949 -922.26342 0.22141 
-905.64208 -922.60698 0.21801 
-905.85408 -922.65977 0.21582 
-905.53444 -922.57306 0.21877 
-904.70475 -922.15153 0.21708 
-905.03770 -922.13350 0.20884 
-906.41233 -922.54304 0.19790 
-906.70278 -922.57411 0.19295 
-906.16183 -922.43490 0.19830 
-906.25961 -922.48939 0.19873 
-906.80932 -922.85604 0.20401 
-906.84952 -922.74993 0.19807 
-906.69177 -922.62948 0.19583 
-906.86108 -922.66659 0.19384 
-907.47512 -922.88391 0.19059 
-907.94440 -923.02846 0.18708 
-908.22690 -922.98255 0.17864 
-907.54264 -922.80436 0.18531 
-907.24856 -922.70531 0.18711 
-908.09399 -923.12936 0.18857 
-907.41225 -922.94131 0.19472 
-907.78580 -923.27611 0.20239 
-907.08907 -922.95918 0.20273 
-906.33094 -922.90623 0.21700 
-905.54580 -922.82159 0.23036 
-906.35011 -923.07287 0.22451 
-906.13128 -922.87793 0.22007 
-906.45368 -923.06070 0.22164 
-906.26755 -923.12108 0.22863 
-906.65687 -923.33011 0.22996 
-906.86860 -923.30330 0.22400 
-906.74287 -923.24592 0.22405 
-906.30058 -923.08224 0.22605 
-905.31090 -922.78125 0.23364 
-906.50726 -923.12135 0.22334 
-905.89605 -922.89853 0.22626 
-905.06461 -922.54254 0.22773 
-905.90282 -922.79853 0.22135 
-905.83360 -922.69883 0.21814 
-906.97070 -923.09774 0.21195 
-906.41395 -922.81774 0.21095 
-906.20172 -922.85665 0.21750 
-906.24590 -922.91324 0.21921 
-906.00990 -922.70875 0.21470 
-906.02830 -922.76858 0.21715 
-905.28855 -922.45901 0.21879 
-905.78461 -922.55473 0.21236 
-905.74918 -922.62354 0.21642 
-904.96591 -922.33973 0.22026 
-905.68156 -922.52167 0.21307 
-906.32655 -922.43346 0.19458 
-906.99403 -922.66486 0.19082 
-907.51772 -922.83185 0.18717 
-907.46931 -922.96016 0.19435 
-907.87044 -923.00949 0.18782 
-907.51191 -923.01310 0.19593 
-906.92697 -922.76257 0.19696 
-906.54025 -922.45421 0.19084 
-906.53057 -922.64239 0.20001 
-905.44762 -922.33238 0.20924 
-905.99536 -922.61198 0.21042 
-906.82461 -922.97237 0.20921 
-907.26113 -923.21574 0.21113 
-906.74465 -923.00109 0.21235 
-907.08120 -923.15040 0.21201 
-907.02047 -923.37374 0.22399 
-906.78818 -923.27203 0.22429 
-906.28590 -922.91154 0.21825 
-906.19360 -922.95791 0.22250 
-905.71475 -922.91480 0.23105 
-906.53305 -923.18092 0.22560 
-905.98955 -923.23692 0.24031 
-905.76424 -922.92685 0.23053 
-906.00374 -923.06527 0.23182 
-906.65393 -923.06869 0.21758 
-906.56450 -923.06690 0.21948 
-905.83905 -922.89246 0.22724 
-905.29703 -922.73093 0.23155 
-905.74100 -922.91588 0.23052 
-906.20519 -922.92941 0.22089 
-905.87377 -922.90959 0.22728 
-905.16544 -922.47945 0.22249 
-905.08188 -922.46045 0.22344 
-904.97045 -922.24169 0.21549 
-904.11891 -922.11141 0.22814 
-903.90582 -921.85821 0.22080 
-904.52759 -922.31706 0.22888 
-905.56904 -922.64075 0.22123 
-906.38800 -923.16786 0.22819 
-907.04257 -923.19047 0.21477 
-906.54294 -922.95808 0.21477 
-907.51631 -923.18582 0.20406 
-907.33335 -923.14746 0.20628 
-907.96761 -923.51624 0.20980 
-906.52561 -923.00746 0.21751 
-907.05145 -923.07317 0.20899 
-907.64171 -923.26261 0.20494 
-905.97367 -922.78602 0.21919 
-906.62867 -923.06067 0.21776 
-906.59614 -922.92971 0.21224 
-906.67737 -922.89566 0.20882 
-906.95620 -923.11179 0.21294 
-907.54337 -923.27241 0.20758 
-907.66016 -923.33804 0.20812 
-908.27813 -923.46382 0.20042 
-908.36990 -923.54586 0.20230 
-907.98779 -923.46063 0.20670 
-908.28542 -923.81025 0.21676 
-907.97091 -923.59035 0.21325 
-907.13668 -923.48327 0.22663 
-907.81471 -923.76390 0.22498 
-907.94898 -923.76326 0.22197 
-909.14008 -924.05793 0.20962 
-908.67639 -923.87294 0.21108 
-908.29046 -923.65091 0.20906 
-907.74291 -923.46821 0.21249 
-906.73099 -922.95639 0.21053 
-907.06326 -923.12266 0.21108 
-906.71860 -923.09186 0.21725 
-906.78341 -923.15778 0.21895 
-906.03567 -922.92651 0.22450 
-906.12582 -923.13021 0.23221 
-906.12622 -923.03889 0.22785 
-905.97403 -923.09822 0.23405 
-906.29548 -922.97221 0.22092 
-905.78079 -922.74559 0.22153 
-905.54095 -922.76746 0.22789 
-906.41002 -922.96323 0.21796 
-905.69373 -922.79771 0.22594 
-905.51246 -922.84659 0.23229 
-905.55182 -922.76937 0.22774 
-905.24598 -922.73327 0.23279 
-905.12524 -922.71891 0.23478 
-905.28603 -922.84956 0.23744 
-904.21799 -922.40151 0.23976 
-904.76463 -922.60889 0.23753 
-904.32429 -922.53339 0.24369 
-903.62529 -922.35470 0.25066 
-903.56243 -922.07467 0.23872 
-902.48800 -921.59194 0.23953 
-903.21979 -921.63748 0.22549 
-903.39050 -921.65488 0.22254 
-904.54091 -922.18523 0.22231 
-905.31449 -922.55208 0.22265 
-905.74178 -922.66152 0.21839 
-905.58218 -922.78155 0.22764 
-906.04568 -922.96170 0.22596 
-906.85095 -923.30885 0.22465 
-906.98379 -923.18690 0.21590 
-907.02351 -923.26899 0.21893 
-907.16556 -923.40035 0.22204 
-907.16649 -923.24267 0.21451 
-907.43883 -923.32006 0.21217 
-906.69024 -923.11482 0.21897 
-906.28370 -922.95202 0.22022 
-906.96649 -923.13092 0.21362 
-906.40734 -923.00460 0.21999 
-906.69805 -923.29834 0.22754 
-906.07319 -923.23629 0.23842 
-906.22863 -923.49139 0.24713 
-905.79270 -923.11723 0.23897 
-905.65751 -923.09284 0.24080 
-905.27626 -922.95711 0.24278 
-905.06035 -922.97283 0.24831 
-904.47134 -922.88716 0.25728 
-903.72958 -922.64891 0.26236 
-903.81125 -922.66754 0.26144 
-904.30709 -922.60526 0.24749 
-903.40669 -922.30954 0.25335 
-903.26524 -922.18387 0.25050 
-903.03065 -922.06895 0.25022 
-902.37982 -922.06281 0.26435 
-902.21347 -921.85361 0.25807 
-902.73964 -921.87902 0.24762 
-903.53406 -922.42943 0.25624 
-903.41946 -922.37891 0.25637 
-904.42907 -922.97553 0.26242 
-903.98797 -922.82227 0.26489 
-904.06803 -922.91313 0.26745 
-903.68982 -922.66439 0.26398 
-902.82127 -922.14970 0.25871 
-902.74484 -921.98513 0.25256 
-903.14946 -922.20395 0.25402 
-902.80197 -922.08716 0.25616 
-903.52746 -922.13306 0.24227 
-903.83580 -922.47742 0.25184 
-904.88925 -923.01692 0.25420 
-905.47460 -923.20585 0.25023 
-904.78452 -923.08869 0.25994 
-903.70232 -922.89827 0.27484 
-903.20565 -922.67802 0.27535 
-902.86298 -922.64208 0.28123 
-902.77564 -922.53583 0.27810 
-902.82919 -922.66017 0.28284 
-901.70556 -922.19796 0.28572 
-903.12169 -922.75606 0.28093 
-903.33614 -922.90128 0.28309 
-903.77071 -922.96498 0.27650 
-903.60046 -923.03356 0.28354 
-902.37136 -922.80255 0.29976 
-903.54089 -923.18006 0.29183 
-903.79875 -923.38160 0.29572 
-903.29090 -923.13187 0.29507 
-903.53766 -922.83738 0.27559 
-903.70489 -922.85677 0.27281 
-903.46057 -922.61136 0.26653 
-904.28639 -922.94832 0.26429 
-902.80196 -922.50031 0.27583 
-901.84818 -922.06365 0.27616 
-902.69788 -922.53052 0.27957 
-902.91446 -922.68484 0.28213 
-902.57903 -922.62518 0.28671 
-902.57367 -922.61031 0.28612 
-901.70770 -922.02722 0.27754 
-902.94258 -922.52572 0.27392 
-902.69355 -922.52818 0.27956 
-902.64814 -922.62902 0.28537 
-902.33426 -922.45549 0.28405 
-902.75813 -922.40123 0.27208 
-903.18317 -922.50226 0.26748 
-902.70025 -922.37731 0.27223 
-902.79053 -922.30532 0.26680 
-902.18447 -922.16489 0.27353 
-901.19878 -921.79091 0.27756 
-902.02577 -922.07461 0.27275 
-902.21038 -922.19090 0.27420 
-901.59901 -921.72343 0.26548 
-902.70484 -922.13987 0.26082 
-902.22989 -922.00400 0.26487 
-903.20572 -922.33156 0.25885 
-904.66226 -922.75832 0.24691 
-904.27330 -922.58718 0.24738 
-905.04076 -922.93060 0.24673 
-904.81831 -922.93130 0.25169 
-905.24988 -923.17617 0.25380 
-906.40913 -923.59012 0.24783 
-907.25569 -923.78855 0.23853 
-907.12674 -923.57830 0.23138 
-907.15784 -923.38873 0.22166 
-906.98066 -923.21155 0.21715 
-907.10920 -923.35648 0.22120 
-906.12893 -923.02172 0.22697 
-905.93324 -922.94461 0.22763 
-906.09322 -923.11704 0.23230 
-906.26644 -923.25617 0.23509 
-906.86269 -923.45039 0.23113 
-905.88494 -923.07238 0.23479 
-904.56371 -922.63510 0.24323 
-903.25787 -922.27632 0.25507 
-904.53287 -922.47614 0.23634 
-904.20862 -922.29697 0.23499 
-905.47045 -922.67775 0.22518 
-905.29520 -922.69441 0.22985 
-904.73634 -922.56017 0.23584 
-905.48876 -922.90489 0.23559 
-905.52563 -922.90137 0.23460 
-906.06048 -923.18691 0.23635 
-905.59263 -923.07784 0.24152 
-905.76007 -923.06808 0.23735 
-905.28367 -923.02189 0.24570 
-905.28811 -923.05599 0.24723 
-904.90638 -922.78732 0.24289 
-904.90017 -922.88686 0.24776 
-904.38515 -922.48814 0.24018 
-904.54518 -922.64690 0.24420 
-906.65150 -923.36789 0.23188 
-906.25434 -923.37352 0.24095 
-905.87910 -923.29571 0.24555 
-905.26552 -923.17904 0.25359 
-904.84116 -923.02359 0.25558 
-905.94457 -923.47724 0.25275 
-905.86346 -923.40491 0.25110 
-905.88166 -923.40762 0.25082 
-905.89320 -923.32658 0.24671 
-906.07158 -923.47499 0.24983 
-906.74559 -923.74646 0.24783 
-906.53937 -923.63231 0.24696 
-905.96201 -923.51880 0.25434 
-905.70510 -923.44137 0.25634 
-905.94390 -923.53778 0.25564 
-905.18159 -923.12720 0.25298 
-904.42598 -922.84371 0.25621 
-904.21946 -922.78076 0.25779 
-904.73248 -923.10622 0.26192 
-904.55901 -923.13043 0.26692 
-904.54653 -923.09412 0.26547 
-904.14048 -922.95715 0.26794 
-904.50618 -922.99243 0.26152 
-904.59893 -922.98492 0.25911 
-904.78068 -923.03850 0.25763 
-904.25772 -923.01924 0.26830 
-904.07056 -922.75278 0.25975 
-903.87759 -922.56327 0.25500 
-904.15101 -922.81827 0.26109 
-904.62591 -922.94309 0.25652 
-904.88706 -923.08259 0.25738 
-904.20527 -922.80007 0.25902 
-904.13213 -922.60906 0.25155 
-904.75204 -922.64391 0.23948 
-904.49222 -922.66640 0.24630 
-905.30886 -923.17572 0.25247 
-905.26138 -922.94545 0.24255 
-904.30876 -922.54292 0.24449 
-904.91996 -922.83356 0.24479 
-904.58310 -922.86919 0.25395 
-904.53806 -922.85156 0.25410 
-905.25156 -923.06649 0.24854 
-906.46490 -923.45361 0.24010 
-907.27193 -923.90936 0.24392 
-907.20033 -923.96760 0.24828 
-907.23831 -923.99658 0.24882 
-906.67586 -923.87717 0.25559 
-905.86403 -923.49156 0.25521 
-906.47285 -923.78289 0.25560 
-905.78674 -923.45564 0.25521 
-905.65439 -923.23754 0.24776 
-905.04375 -922.88615 0.24455 
-905.44568 -923.10582 0.24611 
-905.47918 -923.12238 0.24616 
-906.73442 -923.38782 0.23099 
-905.97840 -922.95240 0.22700 
-907.38364 -923.51596 0.22272 
-907.07590 -923.45961 0.22685 
-906.30024 -923.23326 0.23325 
-906.61370 -923.22680 0.22600 
-906.42738 -923.28981 0.23313 
-905.48505 -922.70525 0.22616 
-905.85418 -922.61757 0.21381 
-905.06327 -922.22579 0.21267 
-905.11701 -922.16051 0.20837 
-905.85335 -922.38122 0.20258 
-906.16156 -922.49723 0.20127 
-905.32619 -922.17008 0.20420 
-905.81764 -922.39832 0.20418 
-906.19617 -922.57785 0.20435 
-905.71084 -922.54021 0.21330 
-906.66598 -922.81368 0.20517 
-905.90213 -922.62427 0.21307 
-905.81068 -922.53196 0.21070 
-905.35908 -922.31665 0.21045 
-905.17142 -922.28530 0.21311 
-905.00605 -922.16522 0.21106 
-905.41423 -922.21779 0.20452 
-905.73249 -922.34633 0.20359 
-906.24556 -922.56270 0.20253 
-905.87433 -922.35286 0.20076 
-905.63612 -922.41631 0.20906 
-905.91654 -922.62761 0.21291 
-905.79866 -922.64732 0.21646 
-905.65902 -922.41074 0.20829 
-906.31976 -922.78317 0.21139 
-906.29611 -922.91039 0.21797 
-906.29800 -922.97010 0.22077 
-906.64370 -923.01228 0.21512 
-906.44327 -922.92241 0.21528 
-906.29385 -922.62675 0.20451 
-906.80064 -922.77404 0.20030 
-906.77084 -922.81457 0.20289 
-906.57267 -922.80617 0.20688 
-906.18587 -922.87792 0.21886 
-907.22403 -923.30192 0.21606 
-907.90402 -923.44212 0.20768 
-907.30049 -923.36815 0.21752 
-905.74716 -922.73870 0.22195 
-905.78234 -922.60312 0.21471 
-905.83474 -922.52593 0.20988 
-905.83049 -922.63881 0.21535 
-907.04842 -923.11923 0.21125 
-907.00525 -923.06022 0.20940 
-908.24228 -923.71316 0.21309 
-907.26766 -923.28002 0.21405 
-906.36230 -922.92536 0.21721 
-906.47698 -922.88700 0.21285 
-907.40648 -923.23844 0.20900 
-907.56657 -923.22053 0.20460 
-907.05266 -922.95090 0.20314 
-907.20226 -923.03733 0.20394 
-907.06230 -922.93449 0.20215 
-906.20532 -922.78257 0.21389 
-906.36142 -922.78783 0.21068 
-906.63797 -923.18290 0.22337 
-906.96940 -923.32765 0.22292 
-906.17418 -923.05980 0.22778 
-905.90944 -922.76736 0.21972 
-906.13300 -922.76154 0.21449 
-906.84910 -922.94174 0.20721 
-906.09391 -922.77977 0.21623 
-907.21478 -923.18157 0.21053 
-906.83687 -923.01423 0.21094 
-906.52207 -922.83055 0.20916 
-906.46457 -922.81318 0.20961 
-906.74196 -923.04267 0.21439 
-906.80213 -923.09883 0.21573 
-906.39057 -922.98880 0.21961 
-907.51571 -923.25246 0.20724 
-907.60368 -923.39538 0.21210 
-906.05627 -922.89204 0.22241 
-906.87551 -923.21275 0.21953 
-906.15782 -922.81494 0.21649 
-905.86199 -922.56696 0.21123 
-906.29112 -922.79924 0.21279 
-905.83530 -922.54265 0.21066 
-905.11052 -922.38605 0.21926 
-903.96118 -922.01881 0.22723 
-903.85081 -921.89617 0.22383 
-904.88036 -922.38582 0.22434 
-903.89550 -922.06628 0.23094 
-903.33428 -921.84206 0.23269 
-903.09428 -921.67640 0.23012 
-903.87221 -922.08922 0.23255 
-904.53200 -922.24308 0.22526 
-904.49579 -922.38788 0.23296 
-904.67970 -922.68197 0.24289 
-904.27319 -922.61420 0.24867 
-904.46543 -922.68451 0.24776 
-904.32128 -922.67138 0.25033 
-905.15347 -922.93004 0.24421 
-904.78636 -922.66600 0.23977 
-903.70705 -921.95980 0.23004 
-904.04988 -922.15300 0.23165 
-905.14209 -922.39625 0.21904 
-905.18211 -922.53206 0.22462 
-905.70748 -922.66239 0.21920 
-906.71187 -923.09406 0.21751 
-906.55491 -923.16058 0.22415 
-904.91725 -922.50787 0.22934 
-904.65525 -922.47558 0.23360 
-904.18007 -922.13436 0.22788 
-904.54481 -922.20884 0.22335 
-904.54938 -922.35752 0.23033 
-904.76901 -922.53287 0.23381 
-905.25450 -922.55166 0.22395 
-905.48650 -922.75438 0.22847 
-905.82103 -922.91247 0.22859 
-905.82881 -922.84993 0.22544 
-906.14566 -922.98418 0.22481 
-907.10833 -923.18902 0.21325 
-906.15580 -922.64965 0.20866 
-906.75335 -922.92313 0.20845 
-906.60614 -922.97479 0.21417 
-906.21590 -922.82335 0.21560 
-906.86312 -922.89176 0.20452 
-906.40106 -922.84445 0.21250 
-906.03103 -922.70357 0.21399 
-906.25392 -922.74294 0.21093 
-905.75886 -922.45048 0.20797 
-906.15887 -922.71421 0.21166 
-905.39082 -922.68155 0.22712 
-904.56933 -922.42078 0.23290 
-905.21625 -922.61612 0.22787 
-905.69671 -922.81262 0.22659 
-906.11561 -923.04892 0.22856 
-905.90322 -922.92578 0.22740 
-905.52935 -922.68742 0.22433 
-906.21533 -923.09311 0.22846 
-906.02747 -922.96220 0.22638 
-905.43825 -922.83550 0.23340 
-904.76690 -922.61766 0.23790 
-905.85915 -923.02035 0.23288 
-905.82276 -923.03473 0.23437 
-905.74201 -922.89818 0.22966 
-905.37849 -922.90938 0.23824 
-905.32123 -922.77426 0.23308 
-904.57808 -922.38910 0.23120 
-904.22539 -922.38015 0.23858 
-903.99609 -922.34182 0.24183 
-904.27713 -922.60888 0.24833 
-903.64942 -922.22897 0.24414 
-904.30419 -922.38282 0.23696 
-904.56953 -922.41429 0.23258 
-904.31568 -922.32349 0.23388 
-905.49276 -922.63340 0.22257 
-906.10586 -922.96722 0.22489 
-906.42693 -923.04584 0.22152 
-906.40421 -923.17226 0.22804 
-906.15267 -923.01303 0.22603 
-905.54150 -922.77421 0.22820 
-904.79844 -922.66154 0.23929 
-905.22864 -922.86320 0.23936 
-905.25579 -922.87707 0.23942 
-905.12696 -922.87692 0.24227 
-904.41572 -922.87847 0.25810 
-903.62930 -922.63286 0.26382 
-903.90057 -922.99706 0.27515 
-903.57044 -922.95281 0.28036 
-903.35029 -922.95236 0.28521 
-904.12778 -923.19063 0.27934 
-903.80642 -923.10121 0.28220 
-903.98542 -923.04285 0.27545 
-904.06107 -922.94576 0.26915 
-905.40152 -923.43891 0.26295 
-905.99557 -923.40508 0.24818 
-905.28496 -923.05668 0.24733 
-904.98032 -923.12884 0.25751 
-905.14703 -923.22773 0.25853 
-905.48157 -923.29875 0.25450 
-905.09713 -923.08972 0.25306 
-903.78313 -922.27009 0.24314 
-904.99963 -922.76371 0.23970 
-904.48707 -922.59043 0.24280 
-905.17787 -922.86738 0.24069 
-905.55649 -922.85622 0.23177 
-904.87650 -922.73142 0.24089 
-905.05072 -922.91955 0.24599 
-904.89897 -923.11849 0.25882 
-905.35161 -923.39472 0.26195 
-905.89895 -923.46261 0.25306 
-905.97620 -923.34864 0.24592 
-905.93036 -923.34379 0.24671 
-905.22771 -923.17498 0.25423 
-904.59149 -923.12877 0.26612 
-904.16036 -922.94067 0.26671 
-904.28331 -922.82384 0.25843 
-904.89223 -923.04085 0.25527 
-903.60412 -922.55352 0.26060 
-903.69996 -922.42612 0.25241 
-903.91031 -922.56889 0.25455 
-904.56305 -922.82561 0.25231 
-905.09983 -923.11610 0.25426 
-905.22739 -923.00322 0.24606 
-904.94354 -922.77765 0.24160 
-905.27122 -922.82898 0.23679 
-904.73922 -922.56559 0.23603 
-904.28681 -922.34806 0.23569 
-903.99951 -922.14895 0.23257 
-904.89463 -922.48257 0.22864 
-903.65236 -921.95385 0.23097 
-904.27235 -922.35073 0.23614 
-905.91957 -922.71803 0.21715 
-906.63458 -923.17433 0.22304 
-906.91141 -923.41471 0.22835 
-906.78161 -923.20639 0.22131 
-907.38414 -923.40886 0.21761 
-907.17538 -923.35093 0.21947 
-906.82633 -923.19752 0.21990 
-907.19751 -923.31235 0.21714 
-906.94070 -923.29933 0.22221 
-906.37832 -923.22603 0.23118 
-907.42019 -923.65715 0.22863 
-906.40724 -923.24609 0.23149 
-906.17183 -922.90495 0.22046 
-906.23238 -922.95517 0.22151 
-905.78431 -922.91884 0.22971 
-904.40304 -922.38541 0.23490 
-904.68172 -922.57003 0.23752 
-903.80542 -922.12810 0.23588 
-904.33129 -922.39823 0.23710 
-905.16929 -922.68274 0.23208 
-904.94213 -922.75263 0.24044 
-905.08342 -922.91890 0.24523 
-905.31132 -922.92325 0.24039 
-906.07709 -923.26024 0.23948 
-905.77912 -923.15050 0.24085 
-905.56539 -922.88227 0.23281 
-905.09619 -922.84765 0.24156 
-904.72817 -922.80563 0.24771 
-904.70199 -922.60541 0.23875 
-904.32606 -922.43041 0.23874 
-905.65187 -922.95926 0.23456 
-906.41835 -922.99042 0.21907 
-907.03732 -923.05985 0.20867 
-907.66709 -923.18198 0.20054 
-907.70690 -923.31245 0.20587 
-908.21057 -923.36044 0.19700 
-907.49375 -923.29614 0.20981 
-907.96490 -923.52938 0.21048 
-907.63125 -923.30054 0.20697 
-907.79993 -923.59119 0.21708 
-906.62375 -923.39656 0.23386 
-905.74956 -923.07527 0.23792 
-906.31426 -923.14456 0.22872 
-906.67163 -923.08993 0.21820 
-907.17589 -923.25689 0.21498 
-907.95333 -923.40489 0.20481 
-907.11150 -923.15125 0.21138 
-906.69733 -923.08370 0.21733 
-906.07897 -922.82512 0.21872 
-905.78074 -922.88405 0.22813 
-905.93005 -922.84827 0.22312 
-905.73036 -922.82935 0.22664 
-906.28317 -923.00812 0.22291 
-906.49688 -923.03508 0.21946 
-905.63275 -922.78939 0.22690 
-905.87088 -922.83026 0.22357 
-905.69995 -922.67990 0.22020 
-905.72764 -922.76889 0.22382 
-905.83446 -922.76073 0.22107 
-905.94266 -922.76723 0.21898 
-905.20051 -922.59563 0.22724 
-905.99537 -922.81600 0.22013 
-906.85859 -923.20370 0.21948 
-906.77310 -923.16972 0.21975 
-906.42493 -923.12945 0.22555 
-905.49204 -922.78471 0.22979 
-906.55859 -923.36083 0.23360 
-907.06864 -923.35596 0.22207 
-905.93963 -923.01419 0.23081 
-905.40234 -922.74561 0.22992 
-905.72995 -922.96474 0.23310 
-905.88792 -923.10378 0.23622 
-905.68889 -923.07318 0.23917 
-906.02675 -923.09693 0.23282 
-906.05652 -923.01778 0.22839 
-906.17659 -923.02763 0.22620 
-907.03316 -923.28524 0.21949 
-907.01046 -923.30992 0.22117 
-906.29661 -923.07771 0.22592 
-906.18717 -922.93648 0.22162 
-906.47678 -923.14861 0.22531 
-906.74405 -923.31237 0.22719 
-905.65185 -923.17285 0.24474 
-904.97285 -922.91461 0.24748 
-905.52431 -922.97643 0.23821 
-905.50520 -922.86791 0.23346 
-905.24130 -922.79572 0.23587 
-904.81364 -922.56938 0.23456 
-904.36299 -922.21562 0.22770 
-904.16844 -922.06885 0.22502 
-904.87214 -922.40034 0.22522 
-905.21038 -922.53728 0.22425 
-906.40768 -923.00430 0.21997 
-905.05019 -922.55036 0.22842 
-905.38872 -922.57216 0.22196 
-905.62966 -922.76228 0.22568 
-904.84675 -922.45504 0.22839 
-904.81380 -922.40142 0.22656 
-903.89688 -922.00829 0.22815 
-904.26597 -922.14397 0.22644 
-904.74620 -922.56146 0.23568 
-905.22694 -922.77855 0.23537 
-905.85057 -922.84321 0.22464 
-905.32609 -922.78418 0.23344 
-905.09753 -922.68223 0.23365 
-905.17998 -922.82260 0.23851 
-905.03078 -922.67559 0.23481 
-905.36266 -922.65983 0.22671 
-905.00432 -922.57915 0.23081 
-904.60120 -922.34290 0.22848 
-904.96948 -922.55749 0.23055 
-905.37111 -922.69801 0.22834 
-905.99889 -923.10508 0.23382 
-906.19473 -922.93265 0.22127 
-907.19313 -923.35855 0.21944 
-906.77852 -923.25313 0.22360 
-907.14174 -923.23657 0.21477 
-906.97357 -923.33062 0.22297 
-907.70056 -923.44729 0.21243 
-907.63230 -923.39079 0.21125 
-906.35989 -922.90211 0.21616 
-907.52618 -923.24836 0.20682 
-907.25322 -923.06288 0.20403 
-907.92369 -923.40028 0.20525 
-907.74242 -923.23592 0.20144 
-907.28555 -922.95522 0.19819 
-906.90891 -922.79287 0.19880 
-906.84179 -922.84548 0.20279 
-906.54130 -922.88106 0.21114 
-907.02206 -922.99466 0.20590 
-907.29654 -922.95165 0.19777 
-906.84600 -922.93858 0.20713 
-906.77767 -922.87860 0.20579 
-907.15428 -923.07284 0.20670 
-907.60582 -923.28528 0.20681 
-907.00321 -923.18573 0.21542 
-906.39574 -922.75971 0.20859 
-906.52575 -922.79818 0.20754 
-906.76664 -922.81335 0.20293 
-907.15200 -923.14893 0.21037 
-906.04806 -922.90401 0.22316 
-907.09854 -923.32666 0.22002 
-906.41045 -923.01500 0.22042 
-906.87523 -923.02210 0.21046 
-907.48585 -923.42722 0.21623 
-907.29055 -923.25559 0.21238 
-906.96978 -923.01491 0.20802 
-905.70839 -922.69574 0.22076 
-906.75369 -923.03940 0.21398 
-906.65728 -923.05056 0.21664 
-905.81366 -922.92300 0.22925 
-904.68941 -922.35109 0.22692 
-904.20833 -922.18412 0.22962 
-904.28537 -922.14493 0.22605 
-904.22653 -922.23254 0.23153 
-904.14583 -922.39206 0.24091 
-904.88992 -922.54441 0.23168 
-906.09157 -922.85220 0.21973 
-906.26333 -923.04029 0.22488 
-906.38367 -923.19761 0.22971 
-906.31509 -923.21898 0.23224 
-905.63059 -923.00957 0.23743 
-906.11192 -923.05857 0.22910 
-904.90052 -922.50921 0.22977 
-905.05083 -922.71670 0.23633 
-905.74445 -922.92213 0.23074 
-906.92506 -923.45407 0.22993 
-905.92191 -922.95942 0.22859 
-905.52830 -922.90317 0.23463 
-905.44653 -922.77726 0.23044 
-905.01466 -922.71970 0.23727 
-905.49560 -922.93673 0.23695 
-904.95699 -922.62153 0.23387 
-905.32330 -922.78846 0.23371 
-903.83946 -922.26914 0.24184 
-903.48614 -922.15883 0.24442 
-904.92978 -922.70201 0.23831 
-904.21041 -922.45153 0.24231 
-904.11157 -922.50055 0.24684 
-905.18177 -922.90458 0.24237 
-905.71074 -923.07046 0.23855 
-905.91965 -923.20174 0.24018 
-906.35706 -923.37510 0.23875 
-905.57248 -923.26051 0.25067 
-905.92113 -923.50672 0.25467 
-906.28406 -923.57030 0.24966 
